2 0.244787 0.379121 0.035318 0.067343
2 0.363235 0.367005 0.052038 0.091012
2 0.612812 0.356016 0.048845 0.092702
2 0.770618 0.420118 0.026301 0.053536
4 0.254931 0.540997 0.015781 0.032122
4 0.430490 0.417582 0.011084 0.040011
4 0.418749 0.498873 0.032688 0.045928
4 0.577870 0.430685 0.012399 0.043111
4 0.585948 0.503099 0.036821 0.040293
4 0.771276 0.532122 0.021229 0.016061
1 0.351118 0.839814 0.047717 0.046492
1 0.369810 0.802480 0.034003 0.030995
1 0.626339 0.850099 0.058614 0.040575
1 0.611497 0.817132 0.043209 0.032685
0 0.772779 0.475063 0.052414 0.162863
0 0.621454 0.589321 0.108961 0.561003
0 0.224591 0.459566 0.077588 0.227106
0 0.370844 0.591012 0.129626 0.540716
