2 0.380130 0.362180 0.014463 0.030475
2 0.468078 0.434655 0.018893 0.032819
2 0.304169 0.745458 0.018893 0.035163
2 0.833811 0.499316 0.017068 0.031647
2 0.809121 0.559777 0.015114 0.026763
2 0.877720 0.538386 0.014723 0.025786
4 0.860065 0.576773 0.008078 0.010744
4 0.864430 0.569349 0.008469 0.008791
4 0.835244 0.546884 0.006906 0.012307
4 0.841042 0.545517 0.008860 0.010354
4 0.821433 0.573354 0.007166 0.010158
4 0.474528 0.504395 0.005993 0.012893
4 0.451987 0.558019 0.005993 0.013479
4 0.447557 0.434460 0.005472 0.008986
4 0.282476 0.746826 0.008078 0.015237
1 0.311987 0.862864 0.009511 0.017972
1 0.282801 0.857492 0.016026 0.013479
1 0.495896 0.502247 0.009121 0.023833
0 0.882932 0.562415 0.046254 0.073061
0 0.296743 0.797812 0.042345 0.147685
0 0.478827 0.472358 0.038046 0.101192
0 0.437068 0.412776 0.026971 0.055089
0 0.385798 0.372436 0.031792 0.050596
0 0.429511 0.557042 0.050684 0.077554
0 0.827752 0.518461 0.047427 0.075405
0 0.810814 0.588298 0.040912 0.079117
