2 0.200932 0.370797 0.103070 0.074927
2 0.425439 0.362664 0.105811 0.102522
2 0.780154 0.626096 0.134320 0.098319
2 0.891859 0.578399 0.068257 0.056652
2 0.978207 0.585800 0.043586 0.052449
2 0.068668 0.613578 0.136787 0.144920
2 0.023712 0.514072 0.046875 0.054825
4 0.583745 0.508955 0.060033 0.034357
4 0.968202 0.783900 0.063596 0.067434
4 0.231086 0.870249 0.076754 0.076389
4 0.195450 0.799799 0.073465 0.069262
1 0.472862 0.859923 0.133772 0.046235
0 0.465872 0.605355 0.310581 0.579130
0 0.135280 0.770194 0.263432 0.459613
0 0.886787 0.640808 0.099232 0.189510
0 0.826891 0.789474 0.346217 0.421053
