4 0.881045 0.621685 0.034321 0.043682
4 0.784321 0.613885 0.021841 0.021841
4 0.305285 0.620515 0.047777 0.041342
4 0.305187 0.649506 0.053822 0.038482
4 0.424922 0.580343 0.026911 0.047842
2 0.246197 0.437988 0.078198 0.131305
2 0.431162 0.335023 0.048752 0.082943
2 0.964119 0.442278 0.071763 0.111804
2 0.792804 0.436427 0.058697 0.090224
1 0.240737 0.897556 0.096139 0.069683
1 0.423947 0.913807 0.090484 0.059022
0 0.309185 0.656916 0.319618 0.570203
0 0.421704 0.448128 0.114470 0.309152
0 0.804505 0.506370 0.178042 0.237389
0 0.931942 0.518981 0.136115 0.267811
