2 0.681054 0.502713 0.049247 0.046658
2 0.723204 0.486979 0.025203 0.029948
2 0.604577 0.513238 0.028389 0.026910
2 0.272016 0.473416 0.017961 0.017144
2 0.396871 0.475911 0.013905 0.019097
4 0.366599 0.517578 0.013615 0.007812
4 0.647740 0.609809 0.015643 0.023872
4 0.756083 0.598958 0.016802 0.018229
1 0.681489 0.715820 0.044322 0.024523
1 0.630939 0.585612 0.023754 0.033203
3 0.252462 0.504449 0.007822 0.007595
0 0.270278 0.490668 0.044612 0.063802
0 0.376593 0.491536 0.056779 0.059462
0 0.706402 0.604167 0.124276 0.253472
0 0.621958 0.550673 0.075898 0.103082
0 0.734212 0.499023 0.050116 0.052734
