2 0.382358 0.287082 0.130645 0.208363
2 0.657505 0.281943 0.142790 0.209764
2 0.821084 0.185704 0.134226 0.160710
2 0.232015 0.150549 0.117409 0.162345
4 0.316101 0.344896 0.052632 0.071712
4 0.438726 0.354824 0.018219 0.057930
4 0.490424 0.335786 0.046870 0.077318
4 0.570617 0.330764 0.055279 0.062602
4 0.754594 0.174492 0.037683 0.060266
4 0.760121 0.185704 0.032233 0.086428
0 0.831517 0.303667 0.194955 0.432609
0 0.244706 0.323523 0.198536 0.498949
0 0.655248 0.478276 0.232949 0.603831
0 0.424712 0.531535 0.304734 0.493576
