2 0.734892 0.937210 0.025086 0.022375
2 0.695838 0.907680 0.025656 0.020964
2 0.676881 0.889438 0.020810 0.019149
2 0.626140 0.807095 0.015108 0.014110
2 0.703392 0.800947 0.017389 0.014715
2 0.732611 0.795707 0.016534 0.013505
2 0.766106 0.824632 0.013968 0.014513
2 0.777794 0.787845 0.015108 0.016327
2 0.862315 0.819996 0.014253 0.011691
2 0.968501 0.773433 0.014538 0.012901
2 0.929732 0.747228 0.011117 0.011691
2 0.032782 0.804878 0.016534 0.014916
2 0.011545 0.716791 0.012828 0.012901
2 0.056300 0.546362 0.011117 0.008668
2 0.159920 0.547873 0.011973 0.009675
2 0.222064 0.548478 0.009122 0.007257
2 0.237030 0.543136 0.009977 0.008264
2 0.317417 0.585668 0.013398 0.010683
1 0.021950 0.878351 0.007982 0.008668
1 0.808580 0.887422 0.016819 0.009071
1 0.773945 0.882483 0.015964 0.006450
1 0.710376 0.851139 0.015964 0.010683
1 0.744726 0.846704 0.017389 0.010280
1 0.620582 0.847309 0.009122 0.009877
1 0.645097 0.846402 0.014823 0.009675
1 0.798603 0.838944 0.014538 0.006853
1 0.870439 0.870490 0.009407 0.009071
1 0.894242 0.867063 0.013683 0.009474
1 0.229903 0.586475 0.006556 0.004636
1 0.239310 0.586978 0.009977 0.003628
1 0.317275 0.642209 0.011403 0.004435
1 0.326967 0.642108 0.006842 0.003427
4 0.737742 0.963919 0.010262 0.008063
4 0.733751 0.812639 0.009122 0.005442
4 0.753563 0.824229 0.009977 0.009272
4 0.776938 0.840556 0.008267 0.006450
4 0.785633 0.805987 0.009692 0.005846
4 0.709094 0.828462 0.008267 0.006450
4 0.627851 0.822012 0.008267 0.004435
4 0.860034 0.826849 0.006842 0.005644
4 0.866876 0.831687 0.005131 0.006853
4 0.908637 0.755896 0.007127 0.004031
4 0.289054 0.603407 0.007412 0.004233
1 0.151368 0.590607 0.011973 0.004435
1 0.174886 0.591413 0.012828 0.004031
0 0.674886 0.909796 0.034493 0.058254
0 0.704247 0.824632 0.045325 0.063294
0 0.786060 0.810925 0.050456 0.062487
0 0.784778 0.854465 0.064994 0.075791
0 0.736174 0.820298 0.047605 0.062286
0 0.732611 0.963112 0.058153 0.073775
0 0.703250 0.931566 0.040479 0.073977
0 0.632412 0.826345 0.041334 0.053014
0 0.872434 0.844386 0.057868 0.062487
0 0.960804 0.783310 0.029361 0.033058
0 0.922748 0.763153 0.035348 0.045958
0 0.009835 0.844991 0.019099 0.089901
0 0.031784 0.839246 0.031642 0.085265
0 0.128848 0.767789 0.035918 0.062891
0 0.017531 0.737855 0.033352 0.056642
1 0.123717 0.795404 0.013113 0.008063
1 0.136688 0.792784 0.011688 0.007257
2 0.132127 0.741584 0.013398 0.011288
1 0.022092 0.759323 0.008837 0.005644
0 0.308865 0.613082 0.046465 0.064302
0 0.236887 0.564100 0.020525 0.049788
0 0.226340 0.564604 0.024515 0.040314
0 0.163483 0.567829 0.035633 0.051199
0 0.057868 0.558053 0.021095 0.032050
