2 0.474724 0.478631 0.051011 0.046109
2 0.317670 0.487515 0.051700 0.048866
4 0.535960 0.582338 0.019072 0.025582
4 0.410846 0.595588 0.017004 0.026654
4 0.370175 0.562347 0.019761 0.017157
4 0.334099 0.554917 0.029412 0.025276
1 0.365464 0.698529 0.042969 0.018076
1 0.454963 0.678922 0.024816 0.025123
1 0.497817 0.697840 0.026425 0.017004
1 0.305377 0.697763 0.024357 0.011642
0 0.474954 0.573146 0.144301 0.251685
0 0.322266 0.578585 0.135340 0.255208
3 0.285846 0.591682 0.022059 0.022825
3 0.434513 0.588771 0.017004 0.028339
