2 0.463250 0.177125 0.072167 0.128250
2 0.218750 0.207500 0.078500 0.116500
2 0.781250 0.249250 0.068833 0.140000
4 0.276083 0.391000 0.042167 0.042500
4 0.144917 0.602375 0.019833 0.049250
4 0.381583 0.611750 0.024833 0.047500
4 0.567083 0.591875 0.040500 0.024250
4 0.790667 0.335125 0.028333 0.056750
1 0.441583 0.938750 0.075833 0.068500
1 0.550417 0.906375 0.043500 0.103250
1 0.737500 0.970875 0.051333 0.042250
1 0.801333 0.920875 0.033333 0.097750
1 0.250500 0.930000 0.035333 0.070000
1 0.224333 0.942375 0.032000 0.049250
0 0.764750 0.589500 0.215500 0.821000
0 0.478167 0.542000 0.235667 0.859500
0 0.226833 0.559000 0.199333 0.819500
