2 0.500914 0.376371 0.024123 0.049342
2 0.396290 0.469298 0.015899 0.036184
2 0.288012 0.485609 0.019371 0.039748
2 0.206414 0.484101 0.019189 0.040022
3 0.235197 0.557292 0.014985 0.019737
3 0.205592 0.559622 0.016447 0.016721
3 0.299616 0.540981 0.011513 0.016173
3 0.299433 0.554413 0.012244 0.009046
3 0.411367 0.541667 0.010599 0.016996
3 0.397752 0.544545 0.009320 0.009046
3 0.523209 0.481634 0.013889 0.020285
0 0.513706 0.466146 0.055921 0.231634
0 0.379386 0.500000 0.075658 0.103618
0 0.276681 0.513569 0.059211 0.095121
0 0.199013 0.515899 0.088816 0.105263
