2 0.881568 0.566143 0.119277 0.164217
2 0.749197 0.548784 0.063017 0.119361
2 0.518331 0.564496 0.059807 0.116827
2 0.266346 0.548023 0.077209 0.141156
2 0.146477 0.623416 0.111505 0.168272
4 0.756378 0.672707 0.061159 0.095033
4 0.782734 0.733781 0.070282 0.090471
4 0.679507 0.726432 0.047643 0.053979
4 0.402517 0.763938 0.054232 0.047897
4 0.325646 0.744805 0.030242 0.018753
4 0.311201 0.785606 0.045616 0.057273
0 0.309427 0.626964 0.239736 0.325393
0 0.203666 0.767739 0.261024 0.454891
0 0.512080 0.613026 0.208819 0.227572
0 0.839162 0.720096 0.231796 0.480233
0 0.739905 0.631145 0.173509 0.290674
