2 0.310377 0.159363 0.015566 0.028975
2 0.463561 0.160449 0.012500 0.024629
2 0.486203 0.138899 0.008255 0.018472
2 0.643042 0.279971 0.028066 0.057950
2 0.704009 0.300254 0.030660 0.062296
2 0.354717 0.334661 0.028774 0.068091
2 0.403892 0.304600 0.028538 0.059399
3 0.701297 0.475009 0.017689 0.042376
3 0.378420 0.493118 0.017217 0.037305
1 0.352358 0.667874 0.039151 0.017385
1 0.399764 0.659725 0.037264 0.028613
1 0.644811 0.658638 0.038679 0.024267
1 0.685613 0.655197 0.043396 0.029699
1 0.726769 0.658819 0.038443 0.021731
1 0.606486 0.658095 0.022877 0.021731
1 0.288090 0.305505 0.011557 0.012677
0 0.707901 0.467946 0.088443 0.403477
0 0.635613 0.459797 0.085377 0.425570
0 0.350590 0.485331 0.072406 0.387541
0 0.410731 0.475552 0.077123 0.395509
0 0.459434 0.227997 0.037736 0.170590
0 0.307075 0.227635 0.046226 0.167693
