2 0.638880 0.251619 0.057680 0.101843
2 0.503075 0.336529 0.063996 0.121763
2 0.364195 0.405503 0.054521 0.083416
2 0.332696 0.182893 0.062999 0.121763
4 0.646027 0.411355 0.038398 0.038347
4 0.625249 0.419572 0.021775 0.030378
4 0.568983 0.578810 0.029920 0.059014
4 0.432181 0.513571 0.031250 0.042082
4 0.429854 0.507844 0.011968 0.041584
4 0.360123 0.493277 0.040725 0.081175
1 0.651513 0.785857 0.047041 0.059263
1 0.629737 0.788720 0.014129 0.025149
1 0.566988 0.784114 0.033245 0.043825
1 0.505984 0.776768 0.067154 0.046066
1 0.375083 0.834661 0.048039 0.041833
1 0.342254 0.831424 0.036569 0.042829
1 0.297955 0.803287 0.068318 0.038347
1 0.261885 0.818725 0.053690 0.052291
0 0.279089 0.489044 0.167886 0.755976
0 0.649019 0.504731 0.114195 0.612550
0 0.521858 0.544821 0.201629 0.538347
0 0.370180 0.613048 0.129654 0.507968
