2 0.364402 0.381922 0.011413 0.018730
2 0.362092 0.364007 0.010598 0.017508
2 0.456658 0.370928 0.010598 0.013844
2 0.465693 0.361767 0.009647 0.021173
4 0.349321 0.425285 0.004076 0.010586
4 0.369022 0.419788 0.003533 0.009365
4 0.378601 0.403094 0.006386 0.009365
4 0.447079 0.386808 0.004212 0.007329
4 0.448573 0.380191 0.003397 0.005904
4 0.475000 0.403603 0.004076 0.008754
1 0.349592 0.462337 0.004620 0.014251
1 0.355774 0.453787 0.007473 0.014251
1 0.366644 0.442691 0.009103 0.014454
1 0.376630 0.443506 0.010054 0.011604
1 0.469565 0.430375 0.008967 0.024023
1 0.459035 0.428542 0.004484 0.023616
1 0.448573 0.455822 0.009647 0.010993
1 0.452649 0.442895 0.008560 0.010383
0 0.453329 0.412154 0.022418 0.098738
0 0.466168 0.397496 0.021739 0.093852
0 0.358424 0.420704 0.023913 0.098738
0 0.368886 0.401975 0.025815 0.094259
