2 0.246875 0.323242 0.112240 0.226562
2 0.482812 0.388477 0.044010 0.103516
2 0.586914 0.413965 0.047005 0.096289
2 0.723242 0.408984 0.047005 0.113672
2 0.818490 0.408594 0.055469 0.123828
4 0.287240 0.900879 0.057812 0.125977
4 0.240299 0.928027 0.063932 0.112695
4 0.891797 0.616895 0.035156 0.062305
4 0.745443 0.674023 0.042969 0.029297
4 0.377539 0.595898 0.030599 0.053125
0 0.580729 0.500586 0.148958 0.307422
0 0.859180 0.530176 0.281641 0.402930
0 0.733464 0.507812 0.145313 0.324219
0 0.441797 0.496973 0.170313 0.321680
0 0.249089 0.601465 0.424479 0.785352
1 0.172721 0.949219 0.104036 0.075000
1 0.365039 0.941211 0.060547 0.083203
1 0.946159 0.685645 0.033984 0.091992
1 0.981836 0.689258 0.036328 0.046094
1 0.378451 0.663086 0.033724 0.042188
1 0.496745 0.658203 0.039844 0.044531
