2 0.636537 0.481558 0.049524 0.091948
2 0.472727 0.451688 0.058874 0.098182
2 0.224589 0.176753 0.071342 0.117662
4 0.656190 0.623377 0.039654 0.040000
4 0.432381 0.578571 0.015238 0.047532
4 0.310996 0.373766 0.030130 0.044156
1 0.170649 0.795455 0.042424 0.096364
1 0.235584 0.832468 0.074632 0.042597
1 0.474978 0.840390 0.040173 0.063117
1 0.598268 0.844675 0.037749 0.057143
1 0.754719 0.847013 0.051429 0.061818
0 0.484416 0.623896 0.210390 0.474286
0 0.672727 0.666883 0.216797 0.468312
0 0.227273 0.477532 0.213160 0.757143
