2 0.540230 0.496363 0.025862 0.046606
2 0.299210 0.508755 0.017601 0.049838
4 0.980963 0.523572 0.013649 0.028287
4 0.952856 0.557381 0.013470 0.024246
4 0.846444 0.551589 0.016882 0.033136
4 0.835489 0.562635 0.020833 0.032058
4 0.685614 0.576374 0.022091 0.028825
4 0.675467 0.583648 0.011853 0.022360
4 0.600844 0.469962 0.011315 0.027748
4 0.563039 0.486261 0.019397 0.036099
4 0.432741 0.549973 0.013829 0.031519
4 0.427712 0.505523 0.013111 0.037446
4 0.311692 0.616649 0.010237 0.017241
4 0.251078 0.667161 0.010776 0.014278
4 0.164960 0.564790 0.010596 0.013200
4 0.119792 0.520609 0.013290 0.033136
4 0.113596 0.517915 0.019576 0.029364
4 0.019935 0.527344 0.013649 0.019127
4 0.014547 0.545797 0.019397 0.017241
4 0.394397 0.558728 0.010417 0.027478
0 0.984914 0.606412 0.030172 0.272091
0 0.946570 0.605199 0.055855 0.262662
0 0.891433 0.623384 0.082076 0.294181
0 0.825162 0.619747 0.065912 0.291756
0 0.758082 0.634833 0.062141 0.280981
0 0.695492 0.627559 0.070941 0.280981
0 0.559177 0.618534 0.089619 0.318427
0 0.466864 0.611800 0.077766 0.329203
0 0.400503 0.608836 0.071480 0.310884
0 0.304777 0.623249 0.095187 0.277209
0 0.179867 0.601562 0.063398 0.294181
0 0.114494 0.599811 0.069145 0.297683
0 0.024335 0.595905 0.048312 0.318966
