4 0.167553 0.707750 0.005984 0.012500
4 0.162733 0.679750 0.005652 0.008500
4 0.246177 0.602750 0.006981 0.012500
4 0.347573 0.614000 0.007646 0.012000
4 0.319481 0.260750 0.003989 0.008500
4 0.529255 0.425750 0.005319 0.009500
4 0.792221 0.550500 0.007314 0.010000
1 0.813664 0.640250 0.011636 0.015500
1 0.799535 0.646000 0.018617 0.013000
1 0.368185 0.764250 0.016290 0.013500
1 0.238531 0.803250 0.012301 0.014500
1 0.211436 0.775250 0.015957 0.014500
1 0.182513 0.778250 0.016622 0.009500
1 0.157247 0.755000 0.017952 0.012000
1 0.320146 0.339750 0.011303 0.009500
1 0.337434 0.347750 0.008644 0.009500
3 0.634641 0.647500 0.010638 0.013000
0 0.154089 0.690500 0.038231 0.141000
0 0.191988 0.707000 0.056184 0.157000
0 0.245678 0.724000 0.044548 0.175000
1 0.260140 0.770000 0.011636 0.013000
0 0.240691 0.592750 0.045878 0.111500
0 0.359043 0.686500 0.037234 0.168000
0 0.653757 0.645250 0.050199 0.161500
1 0.649767 0.717250 0.011636 0.012500
1 0.667387 0.719500 0.011636 0.013000
0 0.804189 0.569500 0.033910 0.167000
0 0.327626 0.296500 0.028258 0.113000
0 0.543218 0.443750 0.034574 0.098500
1 0.544714 0.487500 0.011636 0.010000
1 0.554688 0.487250 0.006981 0.009500
