2 0.249449 0.413706 0.131036 0.212931
2 0.348527 0.195966 0.089962 0.180337
2 0.517431 0.169249 0.081948 0.183543
2 0.677419 0.275982 0.106191 0.173123
2 0.803246 0.416511 0.146664 0.183810
4 0.301443 0.818461 0.081146 0.107133
4 0.353236 0.634117 0.060509 0.088432
4 0.432478 0.561314 0.061110 0.025114
4 0.516430 0.505744 0.047886 0.089233
4 0.506311 0.589100 0.067722 0.069997
4 0.630535 0.732968 0.049289 0.045685
4 0.643659 0.847449 0.092366 0.090836
4 0.694650 0.446968 0.058105 0.038472
0 0.513023 0.350655 0.196153 0.546888
0 0.689140 0.364013 0.178922 0.380711
0 0.337207 0.326610 0.252454 0.493454
0 0.218093 0.652284 0.436185 0.695431
0 0.766680 0.662837 0.368063 0.674325
