2 0.264750 0.412583 0.062000 0.065500
2 0.157625 0.426667 0.068250 0.061667
2 0.442375 0.430000 0.061750 0.057000
3 0.118500 0.593583 0.045500 0.030500
3 0.227250 0.533417 0.014500 0.035167
3 0.291375 0.528417 0.052250 0.026167
3 0.366500 0.492417 0.046500 0.030833
3 0.458625 0.523917 0.046750 0.026833
3 0.421250 0.524833 0.032000 0.032333
0 0.156125 0.564167 0.179750 0.334333
0 0.485875 0.538833 0.193750 0.277333
0 0.307875 0.514250 0.190750 0.280500
1 0.286625 0.624250 0.036750 0.048167
1 0.374625 0.620167 0.039250 0.051333
1 0.148000 0.712750 0.043000 0.032167
1 0.221625 0.649583 0.048750 0.024167
1 0.553875 0.661833 0.033250 0.031333
1 0.452500 0.634083 0.040500 0.032833
