2 0.524196 0.350964 0.061098 0.050279
2 0.821438 0.429267 0.088402 0.090827
2 0.926467 0.413498 0.108678 0.075149
2 0.180319 0.402054 0.097864 0.078933
4 0.743444 0.545594 0.048121 0.026131
4 0.695188 0.511173 0.045688 0.029735
4 0.515274 0.471797 0.033523 0.030997
4 0.461341 0.511534 0.021898 0.031898
4 0.780211 0.536673 0.042714 0.029915
4 0.390916 0.547126 0.037307 0.030276
1 0.487429 0.649937 0.065964 0.051721
1 0.609489 0.647684 0.042444 0.052262
1 0.682211 0.718238 0.112733 0.065417
1 0.632063 0.694089 0.097864 0.042710
1 0.596377 0.704722 0.045958 0.027212
1 0.403487 0.726978 0.096513 0.054064
1 0.441200 0.718868 0.058394 0.037845
0 0.539200 0.496306 0.180860 0.359344
0 0.286564 0.562263 0.356853 0.406560
0 0.856853 0.510633 0.254393 0.279149
0 0.783725 0.472157 0.201135 0.168319
