2 0.286569 0.377750 0.027593 0.053500
2 0.515209 0.435000 0.040392 0.078500
2 0.014877 0.439500 0.011469 0.020000
2 0.138797 0.397750 0.013298 0.021000
4 0.227892 0.404000 0.016955 0.025000
4 0.311752 0.343000 0.011137 0.017000
4 0.623338 0.459375 0.021609 0.028250
4 0.457862 0.357750 0.020778 0.031500
2 0.752493 0.449125 0.008311 0.015250
1 0.243019 0.605875 0.014628 0.057750
1 0.259475 0.619250 0.023271 0.059500
1 0.489279 0.772125 0.029089 0.105750
1 0.517453 0.755875 0.042553 0.124750
0 0.274684 0.492000 0.112866 0.316000
0 0.541057 0.583125 0.188165 0.484750
0 0.019282 0.478500 0.029255 0.097500
0 0.142703 0.442125 0.024102 0.114250
0 0.754405 0.411625 0.010805 0.052250
0 0.746426 0.411500 0.007812 0.050000
0 0.744432 0.455750 0.023770 0.029000
0 0.793052 0.393375 0.008976 0.032750
