2 0.654297 0.352734 0.026563 0.041406
2 0.703125 0.350260 0.041797 0.072917
2 0.480078 0.326562 0.019531 0.032292
2 0.448242 0.339453 0.042188 0.061719
2 0.419531 0.333984 0.018750 0.032552
2 0.369336 0.357161 0.027344 0.046094
2 0.271387 0.356510 0.024414 0.053646
4 0.756445 0.454167 0.032813 0.029167
4 0.690137 0.450521 0.008008 0.021875
4 0.677051 0.373307 0.012695 0.019010
4 0.551758 0.525911 0.039453 0.042969
4 0.509863 0.395964 0.007617 0.008073
4 0.509277 0.403776 0.011914 0.014323
4 0.256836 0.365755 0.016406 0.020573
4 0.305371 0.325130 0.010352 0.013281
0 0.727539 0.516276 0.091797 0.404948
0 0.461426 0.560286 0.221289 0.503385
0 0.248340 0.498177 0.070117 0.338021
0 0.343262 0.442448 0.086914 0.248958
0 0.414355 0.347135 0.030273 0.061458
0 0.491895 0.404557 0.047070 0.192969
0 0.666309 0.448437 0.055273 0.236458
