2 0.639667 0.271375 0.176000 0.311750
2 0.473167 0.174625 0.068667 0.121750
2 0.049667 0.277875 0.099000 0.173250
2 0.284167 0.537375 0.131333 0.208750
4 0.572250 0.741000 0.089833 0.129000
4 0.620833 0.836375 0.108000 0.150750
4 0.185250 0.614250 0.072500 0.074500
4 0.306083 0.368125 0.031500 0.080750
2 0.320583 0.222125 0.069167 0.118750
4 0.351750 0.500625 0.029500 0.035750
0 0.635083 0.558750 0.401833 0.882500
0 0.109583 0.595375 0.218833 0.809250
0 0.204167 0.713750 0.408000 0.572500
0 0.310750 0.338625 0.148833 0.358250
0 0.469917 0.325500 0.162833 0.432000
