2 0.379081 0.364284 0.087258 0.091312
2 0.460561 0.422269 0.082635 0.062416
2 0.632043 0.354556 0.093326 0.074552
4 0.399307 0.533809 0.058943 0.047390
4 0.487865 0.514448 0.060965 0.035253
4 0.489021 0.539877 0.032072 0.035253
4 0.561976 0.512714 0.049119 0.029089
4 0.688385 0.501156 0.055186 0.018301
1 0.353366 0.846272 0.086102 0.050472
1 0.405519 0.807744 0.097949 0.026970
1 0.668304 0.789636 0.078012 0.031593
1 0.767842 0.810152 0.066744 0.034097
1 0.602572 0.789443 0.030338 0.019264
1 0.474140 0.791851 0.027160 0.014448
0 0.508090 0.592564 0.218145 0.406473
0 0.664837 0.568966 0.266397 0.516471
0 0.343542 0.596128 0.216700 0.556540
