2 0.256390 0.459684 0.091054 0.086566
2 0.560361 0.441883 0.111593 0.101171
2 0.708010 0.446067 0.120721 0.100715
2 0.738361 0.348471 0.086947 0.089609
4 0.257645 0.567929 0.066636 0.043511
4 0.299293 0.567321 0.054085 0.038947
4 0.531721 0.551118 0.085349 0.038491
1 0.264948 0.812186 0.052487 0.059182
1 0.303400 0.820173 0.054998 0.058725
1 0.540849 0.840788 0.033318 0.063746
0 0.260041 0.614331 0.238932 0.466454
0 0.553058 0.634033 0.205614 0.485471
0 0.810018 0.619808 0.341168 0.455804
0 0.846874 0.449186 0.306253 0.305340
