2 0.431633 0.383199 0.140658 0.114487
2 0.686236 0.388129 0.113794 0.087324
2 0.839119 0.503521 0.037428 0.034809
3 0.577724 0.401509 0.071235 0.046479
4 0.712949 0.640443 0.051313 0.058753
4 0.841835 0.583400 0.019318 0.015493
1 0.713553 0.868109 0.152732 0.080684
1 0.609719 0.849497 0.080893 0.074044
1 0.496831 0.971730 0.178086 0.056539
1 0.378056 0.957847 0.069725 0.042455
1 0.876396 0.657143 0.043767 0.016499
1 0.798521 0.655835 0.042560 0.019115
0 0.675672 0.633803 0.216420 0.573441
0 0.837760 0.576358 0.121038 0.180080
0 0.473740 0.660765 0.279807 0.678471
