2 0.474900 0.430243 0.048200 0.087009
2 0.915700 0.184368 0.043800 0.071107
2 0.946900 0.240024 0.055400 0.066607
4 0.858100 0.266727 0.020200 0.052805
4 0.886200 0.302430 0.018000 0.032403
3 0.442700 0.660066 0.024600 0.038404
3 0.845100 0.266427 0.016200 0.040804
0 0.475600 0.588809 0.128000 0.404140
0 0.869400 0.290729 0.135200 0.286229
0 0.896400 0.404890 0.157200 0.396340
1 0.487200 0.767627 0.031200 0.047105
1 0.842400 0.576958 0.049200 0.051605
1 0.885600 0.546505 0.026800 0.047105
1 0.816200 0.415242 0.028400 0.038404
