2 0.004642 0.589607 0.009011 0.033552
2 0.016111 0.639014 0.016384 0.027619
2 0.048539 0.591551 0.017340 0.030892
2 0.296832 0.623056 0.030857 0.048895
2 0.580079 0.533654 0.015975 0.022709
2 0.559121 0.511252 0.010377 0.020458
2 0.581786 0.586948 0.017204 0.031097
1 0.563217 0.741203 0.018296 0.022913
1 0.573867 0.738134 0.014200 0.015139
1 0.291098 0.894538 0.028400 0.031301
1 0.238804 0.887889 0.024031 0.036825
1 0.060554 0.774141 0.022256 0.013093
1 0.037070 0.772095 0.011879 0.011866
1 0.022460 0.771686 0.016521 0.013912
1 0.003277 0.769947 0.006281 0.013298
4 0.029629 0.694149 0.007646 0.012275
4 0.066903 0.691387 0.006827 0.011252
4 0.595713 0.666530 0.005188 0.015139
4 0.546901 0.665917 0.009694 0.012275
4 0.571614 0.542553 0.007510 0.011457
4 0.557004 0.566796 0.004779 0.007979
3 0.315811 0.631547 0.009285 0.023732
3 0.906062 0.813011 0.106499 0.177987
0 0.580011 0.575389 0.029219 0.112725
0 0.557414 0.557897 0.022529 0.121113
0 0.015360 0.701923 0.030448 0.152619
0 0.005735 0.615998 0.011196 0.087561
0 0.279151 0.753785 0.106909 0.311579
0 0.571136 0.665200 0.058438 0.178601
0 0.398758 0.529460 0.028263 0.074468
2 0.404219 0.502762 0.010513 0.021890
4 0.401010 0.541121 0.006281 0.011457
0 0.048129 0.678089 0.047652 0.206424
