2 0.164833 0.128625 0.162000 0.242750
2 0.046000 0.452625 0.091667 0.306750
0 0.312500 0.213125 0.500667 0.412250
0 0.283750 0.647125 0.560833 0.705750
4 0.431583 0.861250 0.066167 0.168000
4 0.743250 0.158250 0.060833 0.083500
4 0.238417 0.396625 0.061500 0.045750
4 0.808083 0.827000 0.081833 0.172000
4 0.081333 0.927875 0.092000 0.144250
4 0.512250 0.388250 0.098833 0.193000
4 0.567833 0.400500 0.113667 0.228000
4 0.510083 0.315250 0.107500 0.112500
4 0.565333 0.407125 0.103667 0.197750
0 0.615833 0.191875 0.316333 0.383250
0 0.514167 0.680750 0.276000 0.638500
