2 0.401625 0.622000 0.065750 0.070333
2 0.547125 0.695583 0.065250 0.063833
2 0.278875 0.616083 0.065250 0.065500
3 0.190000 0.750167 0.033500 0.030333
3 0.333250 0.719333 0.026000 0.030333
3 0.363750 0.678167 0.042000 0.024333
3 0.429125 0.740667 0.048750 0.019000
3 0.490625 0.785250 0.029750 0.039167
3 0.511375 0.792833 0.051250 0.028333
0 0.252375 0.727250 0.189750 0.288833
0 0.559375 0.815500 0.167750 0.304000
0 0.414750 0.721250 0.190500 0.277167
1 0.205000 0.851250 0.033500 0.038833
1 0.287625 0.805583 0.063750 0.064833
1 0.372250 0.815500 0.051500 0.051333
1 0.476875 0.836083 0.034750 0.049167
1 0.516875 0.870750 0.047250 0.040833
1 0.595000 0.948000 0.043500 0.038000
