2 0.493056 0.593557 0.068930 0.065972
2 0.383359 0.538966 0.056842 0.051698
2 0.496528 0.492766 0.047582 0.044946
2 0.731739 0.561535 0.065844 0.054398
2 0.733539 0.490355 0.044753 0.048997
4 0.441487 0.599151 0.029578 0.015432
4 0.430556 0.606289 0.030350 0.016975
4 0.690201 0.621914 0.023920 0.018133
4 0.664995 0.629147 0.025977 0.025270
4 0.677598 0.595390 0.033179 0.014082
4 0.661265 0.591049 0.019547 0.014275
0 0.358410 0.619117 0.196759 0.212770
0 0.496914 0.550926 0.131687 0.161651
0 0.707047 0.557292 0.150206 0.188657
0 0.759516 0.625193 0.236111 0.182870
1 0.396605 0.704668 0.056070 0.040895
1 0.415895 0.693287 0.031893 0.040895
0 0.495756 0.640818 0.172582 0.165509
