2 0.708496 0.525911 0.054443 0.089727
2 0.656189 0.467680 0.038696 0.064457
2 0.756775 0.400751 0.026489 0.045230
2 0.941162 0.420344 0.027588 0.048160
2 0.899475 0.394799 0.024536 0.041751
4 0.648987 0.673045 0.032837 0.026918
4 0.695862 0.617103 0.008911 0.018678
4 0.639099 0.522523 0.019653 0.034243
4 0.675720 0.548709 0.013306 0.017762
1 0.728333 0.957700 0.020630 0.032229
1 0.679871 0.990569 0.038452 0.018861
0 0.696350 0.741073 0.125854 0.517854
0 0.903015 0.425380 0.039673 0.106208
0 0.930420 0.449734 0.050537 0.106208
0 0.755249 0.456693 0.066406 0.158579
0 0.636597 0.496887 0.078369 0.128365
