2 0.768750 0.252148 0.032292 0.044922
4 0.681120 0.267188 0.032031 0.036719
4 0.643099 0.432227 0.015885 0.030859
4 0.728516 0.505469 0.019010 0.032031
4 0.987760 0.583984 0.024479 0.041406
3 0.649219 0.307617 0.039583 0.059766
3 0.349479 0.422070 0.027083 0.051172
3 0.311328 0.431836 0.048698 0.051172
5 0.550130 0.275586 0.071615 0.099609
5 0.296615 0.256836 0.056771 0.091016
1 0.262500 0.809570 0.047396 0.064453
1 0.327344 0.808398 0.070312 0.069141
1 0.473047 0.960156 0.062760 0.041406
1 0.546615 0.956445 0.068229 0.051172
1 0.739062 0.683789 0.032813 0.035547
1 0.799740 0.685742 0.027604 0.029297
1 0.970833 0.988477 0.058333 0.023047
