2 0.411420 0.270656 0.069546 0.121329
2 0.576318 0.414494 0.057467 0.105408
2 0.713946 0.397063 0.063690 0.089761
2 0.808931 0.399671 0.062958 0.098271
4 0.778001 0.550782 0.023060 0.042547
4 0.786512 0.434669 0.023609 0.070546
4 0.645589 0.546802 0.028367 0.043371
4 0.667460 0.563135 0.038433 0.029920
4 0.567258 0.559566 0.028367 0.038155
4 0.439147 0.489432 0.051061 0.032391
1 0.260066 0.840242 0.058565 0.115290
1 0.258419 0.915866 0.076501 0.083722
1 0.540538 0.856849 0.026903 0.078232
1 0.566801 0.856300 0.025988 0.072193
1 0.670388 0.769146 0.025988 0.056547
1 0.697932 0.860005 0.042277 0.062586
1 0.969802 0.846692 0.048682 0.102388
0 0.693082 0.609388 0.132138 0.541861
0 0.346999 0.562860 0.287335 0.739226
0 0.557833 0.622015 0.137262 0.528685
0 0.864202 0.610623 0.214129 0.520176
