2 0.403625 0.423583 0.044250 0.044833
2 0.283125 0.502083 0.052750 0.037167
2 0.625375 0.564583 0.057250 0.039833
4 0.556250 0.604083 0.025500 0.031500
4 0.574250 0.580833 0.029500 0.014667
3 0.301125 0.608250 0.024750 0.024833
3 0.417250 0.489583 0.041000 0.022167
3 0.447625 0.486083 0.019750 0.027833
0 0.413750 0.489917 0.143000 0.177833
0 0.259625 0.575667 0.127250 0.184000
1 0.598500 0.703083 0.061000 0.030500
1 0.637875 0.667167 0.040250 0.023333
1 0.369250 0.549417 0.024500 0.023500
1 0.472250 0.566667 0.025000 0.022667
1 0.297250 0.652417 0.042500 0.030833
0 0.608625 0.626333 0.130750 0.185000
