2 0.237202 0.488281 0.060417 0.113616
2 0.388318 0.458482 0.045089 0.092857
2 0.680952 0.534598 0.055655 0.116071
2 0.847619 0.586830 0.081548 0.112500
2 0.048065 0.573996 0.094940 0.147545
4 0.320536 0.678795 0.032143 0.048661
4 0.396354 0.707254 0.035863 0.056473
4 0.493304 0.690960 0.025000 0.039955
4 0.670164 0.782366 0.029911 0.037500
4 0.757143 0.819531 0.058631 0.062723
4 0.770387 0.857366 0.036012 0.073661
4 0.177604 0.930692 0.047173 0.070759
4 0.110491 0.880357 0.051339 0.075000
1 0.259226 0.756808 0.050000 0.066295
0 0.843676 0.764621 0.232292 0.470759
0 0.683780 0.704353 0.144345 0.454687
0 0.100967 0.751674 0.201637 0.496652
0 0.424256 0.626228 0.166369 0.431027
0 0.222024 0.653348 0.289583 0.442411
