2 0.109897 0.483742 0.032161 0.061834
2 0.515370 0.203891 0.031450 0.061301
2 0.720949 0.382329 0.050995 0.090352
1 0.158227 0.885794 0.023632 0.027985
1 0.524254 0.627532 0.045309 0.029584
1 0.488095 0.629398 0.027008 0.031716
1 0.747512 0.966418 0.042289 0.038913
1 0.703181 0.969350 0.030739 0.037846
4 0.088930 0.588886 0.019367 0.032783
4 0.114872 0.657783 0.023632 0.033582
4 0.765814 0.592084 0.029495 0.047175
4 0.721215 0.622868 0.028429 0.055437
4 0.522033 0.394323 0.025231 0.040245
4 0.532516 0.412846 0.018124 0.028252
0 0.120824 0.676306 0.098436 0.447495
0 0.512349 0.408982 0.083689 0.472548
0 0.719350 0.662846 0.123490 0.652452
