2 0.469831 0.303738 0.036771 0.064901
2 0.493231 0.346443 0.036771 0.060488
2 0.377236 0.679258 0.030754 0.051661
2 0.501588 0.721833 0.035099 0.060488
2 0.475013 0.716641 0.022731 0.036085
4 0.490640 0.391225 0.011533 0.020768
4 0.501755 0.402388 0.011031 0.031153
4 0.435484 0.812825 0.014541 0.022845
3 0.448521 0.697040 0.018218 0.019730
3 0.531172 0.839694 0.018051 0.025701
0 0.457212 0.451584 0.073375 0.356957
0 0.488885 0.476636 0.056828 0.332295
0 0.483704 0.843977 0.090256 0.312046
0 0.381665 0.828790 0.127862 0.342420
