2 0.092179 0.721918 0.054398 0.065606
2 0.558532 0.671968 0.048280 0.073559
2 0.459573 0.236208 0.044808 0.096173
2 0.690228 0.311754 0.049769 0.091203
2 0.807953 0.532803 0.044147 0.080517
0 0.105985 0.771372 0.135913 0.457256
0 0.562004 0.756213 0.138228 0.487575
0 0.459491 0.467694 0.133598 0.560139
0 0.677745 0.536282 0.126653 0.545229
0 0.799769 0.609592 0.118056 0.235089
4 0.142526 0.553429 0.021495 0.021869
4 0.402199 0.491923 0.019015 0.050447
4 0.517361 0.491054 0.016534 0.042744
4 0.516452 0.535785 0.019676 0.047714
4 0.592593 0.563867 0.037368 0.046223
4 0.645255 0.525721 0.025298 0.042495
4 0.804812 0.704399 0.031581 0.043986
1 0.010086 0.739314 0.020172 0.025348
1 0.017113 0.722291 0.018684 0.019632
1 0.030093 0.770626 0.017196 0.029324
1 0.047867 0.755219 0.017361 0.026839
1 0.141948 0.734095 0.019676 0.023360
1 0.160218 0.731859 0.020833 0.023360
1 0.169560 0.773733 0.024306 0.033052
1 0.182953 0.772490 0.017692 0.029573
1 0.208251 0.698683 0.014716 0.022614
1 0.186921 0.700298 0.007110 0.012922
1 0.208664 0.808897 0.034392 0.034791
1 0.223710 0.819583 0.039352 0.033797
1 0.240327 0.794856 0.034888 0.025596
1 0.263476 0.799205 0.016038 0.031312
1 0.271164 0.812749 0.017526 0.040010
1 0.283978 0.817843 0.024306 0.035785
1 0.773479 0.707256 0.025463 0.032306
