2 0.441406 0.465856 0.083767 0.120949
2 0.179036 0.307581 0.022569 0.048032
2 0.720052 0.352865 0.086372 0.135127
4 0.480035 0.659867 0.029948 0.034433
4 0.479058 0.672020 0.037977 0.025752
4 0.205512 0.431713 0.013455 0.014468
4 0.763889 0.713542 0.037326 0.067130
4 0.601454 0.436198 0.031033 0.043113
1 0.355794 0.879774 0.075738 0.029803
1 0.282878 0.967737 0.092665 0.056424
1 0.168294 0.532697 0.025825 0.016782
1 0.201389 0.535301 0.012587 0.015625
1 0.663954 0.934751 0.085720 0.088252
1 0.657010 0.867043 0.043620 0.046007
0 0.350803 0.702691 0.301432 0.594618
0 0.694770 0.631366 0.218967 0.695602
0 0.184245 0.414352 0.068576 0.260995
0 0.035482 0.387153 0.070095 0.282407
4 0.040039 0.287037 0.017578 0.027778
0 0.330404 0.354890 0.035373 0.046007
0 0.367296 0.354022 0.036675 0.047743
