2 0.870833 0.715250 0.040667 0.062000
2 0.525083 0.707375 0.021500 0.038750
2 0.300667 0.711000 0.023333 0.036500
4 0.271167 0.822750 0.011667 0.016000
4 0.491417 0.763125 0.011833 0.015250
4 0.841083 0.822250 0.016500 0.022000
1 0.876333 0.952750 0.023333 0.036500
1 0.568500 0.929875 0.014667 0.048750
1 0.514750 0.945625 0.030833 0.026750
1 0.290667 0.949250 0.029667 0.027000
1 0.323833 0.932250 0.022000 0.051000
0 0.537833 0.826500 0.083333 0.277000
0 0.303833 0.828250 0.074667 0.276000
0 0.542833 0.728500 0.024667 0.100500
0 0.863917 0.829500 0.098500 0.283000
