2 0.473895 0.179542 0.059847 0.123601
2 0.711597 0.186068 0.068194 0.124933
2 0.270822 0.256127 0.051145 0.097230
4 0.197123 0.419819 0.020955 0.035162
3 0.571923 0.565264 0.036761 0.076185
1 0.751199 0.925946 0.053987 0.049014
1 0.697123 0.862547 0.032143 0.064997
1 0.512609 0.885456 0.037826 0.056473
1 0.442550 0.900906 0.055052 0.063932
1 0.292399 0.865477 0.028947 0.053277
1 0.222074 0.923815 0.045640 0.045285
0 0.723140 0.537960 0.194282 0.824454
0 0.480820 0.525573 0.220387 0.817262
0 0.265761 0.576585 0.163204 0.738146
