2 0.513024 0.576227 0.029956 0.049477
2 0.650690 0.549477 0.023444 0.046661
4 0.483850 0.616653 0.009117 0.016090
3 0.679213 0.648431 0.012243 0.028962
3 0.671920 0.595736 0.013285 0.026549
3 0.371060 0.565567 0.014327 0.030571
1 0.527351 0.836887 0.014327 0.018101
1 0.488539 0.838294 0.029435 0.020113
1 0.640531 0.770113 0.026569 0.016492
1 0.631935 0.732502 0.014587 0.020113
1 0.362334 0.620274 0.021881 0.025744
0 0.654858 0.651046 0.060432 0.253017
0 0.505340 0.700523 0.061474 0.295656
0 0.379526 0.556919 0.056786 0.153258
