2 0.200521 0.484375 0.078125 0.064876
2 0.289611 0.485289 0.097314 0.082054
2 0.600603 0.397387 0.061404 0.064145
2 0.474095 0.474324 0.054002 0.043311
2 0.960938 0.493695 0.078125 0.065607
2 0.847862 0.527504 0.120066 0.102887
4 0.427906 0.620340 0.046053 0.026133
4 0.446409 0.529879 0.037555 0.027595
4 0.489309 0.517544 0.034539 0.027412
4 0.677906 0.557200 0.031250 0.036915
4 0.963130 0.757767 0.073739 0.045504
4 0.026179 0.577120 0.039200 0.026681
1 0.065104 0.748629 0.064419 0.029057
1 0.363213 0.804276 0.047149 0.038743
0 0.948876 0.562683 0.102248 0.204313
0 0.861705 0.670139 0.274945 0.390716
0 0.586897 0.470121 0.236842 0.208516
0 0.442023 0.520468 0.118147 0.136696
0 0.123904 0.608004 0.233553 0.315789
0 0.304962 0.632219 0.290844 0.382127
