2 0.109491 0.671808 0.020061 0.035398
2 0.149528 0.673325 0.016858 0.035398
2 0.179703 0.619216 0.018206 0.027307
2 0.227748 0.577623 0.013149 0.027054
2 0.256490 0.540708 0.011632 0.026549
2 0.279922 0.541846 0.010620 0.023262
2 0.291723 0.525790 0.010958 0.019975
2 0.342043 0.478382 0.010115 0.017193
2 0.350978 0.470796 0.007417 0.017699
2 0.358227 0.471302 0.007755 0.017699
2 0.366571 0.471049 0.008935 0.014159
2 0.314144 0.698104 0.014329 0.030341
2 0.342549 0.717952 0.012475 0.024020
2 0.642616 0.754741 0.019892 0.033881
2 0.579316 0.793047 0.010283 0.017952
2 0.835384 0.632491 0.017701 0.026549
2 0.765341 0.570544 0.017532 0.021997
2 0.756153 0.550822 0.015003 0.023515
2 0.698753 0.491277 0.008766 0.014665
2 0.677933 0.462453 0.008260 0.010114
2 0.651972 0.490645 0.006912 0.006827
4 0.086733 0.778508 0.010620 0.017699
3 0.155344 0.780152 0.013992 0.028066
4 0.159305 0.636536 0.007080 0.016941
4 0.167481 0.661694 0.013318 0.014159
4 0.233311 0.652971 0.008429 0.012389
4 0.194454 0.634513 0.008597 0.012389
4 0.255900 0.585082 0.008766 0.013148
4 0.274612 0.564349 0.006069 0.014665
4 0.298466 0.574463 0.004889 0.013148
4 0.321645 0.508976 0.007080 0.008597
4 0.344572 0.523009 0.004383 0.007332
4 0.355192 0.507332 0.004046 0.010367
4 0.374494 0.500253 0.006912 0.008850
4 0.350303 0.796334 0.010452 0.012895
4 0.329063 0.768647 0.006743 0.011631
4 0.822657 0.720607 0.006069 0.009608
4 0.615728 0.802149 0.004889 0.007838
4 0.738537 0.621745 0.005394 0.009102
4 0.784137 0.655626 0.005900 0.008091
4 0.788351 0.590898 0.006575 0.010619
4 0.750421 0.624652 0.007249 0.012389
1 0.307063 0.872187 0.021072 0.013906
1 0.585300 0.879393 0.026298 0.019216
1 0.562542 0.837927 0.022252 0.024779
1 0.566504 0.873325 0.009272 0.009608
0 0.338334 0.779014 0.036750 0.149178
0 0.605192 0.812516 0.106541 0.152465
0 0.762559 0.612769 0.052428 0.109482
0 0.255057 0.603161 0.035738 0.151454
0 0.332687 0.514159 0.029501 0.088748
0 0.366234 0.495322 0.024107 0.062200
0 0.359154 0.477118 0.010620 0.027307
0 0.351652 0.499115 0.013486 0.071302
0 0.144808 0.758154 0.047876 0.203540
0 0.100472 0.740708 0.057653 0.174716
0 0.216537 0.641340 0.051416 0.158534
0 0.291891 0.570291 0.021409 0.113527
0 0.276467 0.593932 0.026635 0.128951
0 0.174140 0.673578 0.046527 0.136536
0 0.841453 0.705183 0.044336 0.175474
0 0.703220 0.530341 0.019386 0.092288
0 0.681979 0.503034 0.021746 0.090265
0 0.656524 0.514539 0.016352 0.056637
0 0.620870 0.499494 0.022589 0.040202
0 0.312964 0.780405 0.042313 0.198989
0 0.576365 0.832364 0.039447 0.093552
