2 0.510083 0.578000 0.049833 0.082000
2 0.616000 0.324000 0.043333 0.085500
2 0.750500 0.434250 0.055000 0.072500
4 0.729000 0.678250 0.022667 0.028000
4 0.656833 0.487625 0.029000 0.044250
4 0.656083 0.487250 0.027167 0.036500
4 0.530583 0.790500 0.021167 0.038000
3 0.509500 0.529375 0.027000 0.036750
3 0.619500 0.525000 0.028000 0.053500
3 0.519333 0.537375 0.013000 0.022750
3 0.609000 0.533500 0.017333 0.024500
0 0.507250 0.727250 0.102500 0.439000
0 0.607583 0.514375 0.129833 0.473250
0 0.719250 0.626250 0.152500 0.474500
1 0.514583 0.922625 0.037167 0.044750
1 0.542750 0.861125 0.028167 0.039750
1 0.747000 0.831000 0.049667 0.057500
1 0.720083 0.739625 0.050500 0.039750
1 0.595917 0.705375 0.023500 0.090250
1 0.564000 0.650250 0.013667 0.049000
