2 0.018585 0.623195 0.010466 0.012512
2 0.062252 0.620669 0.014796 0.012753
2 0.102310 0.622834 0.010466 0.010828
2 0.142187 0.623195 0.011548 0.012512
2 0.171418 0.622714 0.010826 0.013474
2 0.438289 0.617661 0.011909 0.012031
2 0.356550 0.598893 0.017322 0.010587
2 0.239264 0.477021 0.010826 0.010346
2 0.333273 0.458133 0.010466 0.012031
2 0.387947 0.447425 0.010105 0.011790
2 0.708409 0.613090 0.011548 0.011550
2 0.736016 0.614774 0.010466 0.012031
2 0.754782 0.620910 0.010466 0.012271
2 0.816131 0.619346 0.009744 0.012031
2 0.872068 0.622714 0.009744 0.013956
2 0.910141 0.619586 0.009383 0.014437
1 0.008661 0.681785 0.011548 0.007940
1 0.029953 0.681184 0.010105 0.007700
1 0.046012 0.679259 0.014074 0.007700
1 0.073981 0.680823 0.009383 0.008422
1 0.090220 0.681184 0.012270 0.006737
1 0.113316 0.679981 0.008661 0.009143
1 0.128293 0.679981 0.012631 0.007700
1 0.145435 0.680582 0.007939 0.007940
1 0.157524 0.680101 0.011909 0.006497
1 0.185673 0.679740 0.011187 0.008662
1 0.691628 0.672642 0.008300 0.007459
1 0.714904 0.671198 0.007218 0.006497
1 0.719415 0.674086 0.013353 0.009865
1 0.736918 0.673484 0.008661 0.009625
1 0.743053 0.675890 0.009383 0.009625
1 0.765969 0.676973 0.010466 0.008422
1 0.897149 0.683470 0.008661 0.009384
1 0.878022 0.683951 0.009383 0.007459
1 0.859798 0.683951 0.009022 0.006978
1 0.834536 0.682387 0.008300 0.007700
1 0.813064 0.682387 0.008661 0.007700
1 0.237820 0.533927 0.008661 0.007700
1 0.253879 0.530799 0.006857 0.008181
1 0.372790 0.501564 0.010105 0.005534
1 0.400217 0.500962 0.010105 0.005294
3 0.057200 0.644731 0.009022 0.007459
3 0.103031 0.647377 0.007578 0.006497
3 0.088416 0.652069 0.006496 0.008181
3 0.747564 0.621872 0.004691 0.008422
3 0.762360 0.622834 0.004691 0.008903
3 0.032840 0.644370 0.005774 0.009143
4 0.145074 0.637271 0.005774 0.006015
4 0.130458 0.634625 0.005413 0.005053
4 0.232768 0.481954 0.004331 0.007700
4 0.323349 0.460178 0.006496 0.006978
4 0.361422 0.473893 0.004691 0.007940
4 0.354565 0.454042 0.006135 0.004812
4 0.419885 0.452478 0.006135 0.006497
4 0.357272 0.609721 0.007218 0.006737
4 0.351498 0.608518 0.004331 0.006256
4 0.434139 0.627045 0.005052 0.007218
4 0.439011 0.626564 0.005413 0.006256
4 0.728979 0.621270 0.005052 0.007700
4 0.690906 0.641843 0.006135 0.006497
1 0.346806 0.650144 0.008661 0.007700
1 0.362324 0.650746 0.006496 0.006497
1 0.424035 0.678417 0.010105 0.005534
1 0.446770 0.677815 0.009383 0.006256
0 0.018585 0.650626 0.035727 0.071222
0 0.059004 0.647979 0.040058 0.069779
0 0.101047 0.649783 0.033923 0.070500
0 0.137315 0.649543 0.031397 0.068576
0 0.171418 0.650265 0.040419 0.067613
0 0.355828 0.623556 0.028149 0.060395
0 0.437387 0.646415 0.037532 0.069538
0 0.240346 0.504572 0.033923 0.065929
0 0.337604 0.483758 0.052328 0.057507
0 0.387405 0.474976 0.071815 0.064485
0 0.905269 0.649062 0.024901 0.078200
0 0.869361 0.651708 0.029592 0.072907
0 0.819740 0.650024 0.037892 0.072907
0 0.754601 0.647738 0.032479 0.066410
0 0.728437 0.644490 0.030675 0.069538
0 0.704439 0.640520 0.034645 0.072185
