2 0.890698 0.377829 0.114822 0.110212
2 0.717637 0.310120 0.061275 0.063109
2 0.273116 0.285097 0.053271 0.052806
2 0.064173 0.381509 0.118410 0.073781
2 0.474055 0.570745 0.183550 0.137994
4 0.708253 0.482153 0.054651 0.025575
4 0.741651 0.506532 0.055755 0.036431
4 0.130831 0.387213 0.050235 0.036983
4 0.224952 0.459982 0.033122 0.027967
4 0.258211 0.378749 0.035054 0.022631
4 0.618824 0.392640 0.042506 0.025023
4 0.650980 0.360626 0.025117 0.027231
0 0.700110 0.368997 0.207839 0.195584
0 0.116478 0.426035 0.232956 0.155842
0 0.295749 0.331555 0.228816 0.142410
0 0.829837 0.457038 0.300580 0.280773
0 0.488407 0.733947 0.473917 0.459614
