2 0.452422 0.172899 0.059018 0.128521
2 0.493057 0.120710 0.042449 0.094201
2 0.605728 0.201893 0.062648 0.121183
2 0.692757 0.126391 0.066593 0.115030
2 0.304324 0.161538 0.064226 0.129467
4 0.279864 0.583195 0.035506 0.051598
4 0.540319 0.544142 0.024617 0.065325
4 0.729288 0.519172 0.039609 0.080710
3 0.398059 0.553254 0.032665 0.074083
3 0.514597 0.536686 0.016727 0.048047
0 0.517753 0.420828 0.101941 0.728047
0 0.319473 0.492189 0.182263 0.800710
0 0.703724 0.466154 0.154805 0.804497
0 0.608884 0.526036 0.166483 0.769467
1 0.293120 0.894201 0.035821 0.064379
1 0.369497 0.828876 0.063279 0.047337
1 0.439325 0.878462 0.021461 0.030533
1 0.470254 0.874911 0.028405 0.035266
1 0.565646 0.841657 0.032665 0.038817
1 0.605728 0.887574 0.035190 0.062959
1 0.687155 0.817988 0.037715 0.066746
1 0.644390 0.782130 0.037399 0.048047
1 0.517990 0.748166 0.027300 0.053018
1 0.497949 0.761538 0.012466 0.045680
