2 0.180333 0.483766 0.057333 0.129371
2 0.538000 0.746878 0.077000 0.119131
2 0.614083 0.610015 0.078167 0.119131
2 0.794917 0.156968 0.051167 0.105145
2 0.874667 0.097902 0.060667 0.117882
4 0.426833 0.879745 0.056667 0.050200
4 0.439250 0.848277 0.026500 0.034216
4 0.431167 0.781718 0.043667 0.060440
4 0.440417 0.722153 0.042167 0.044206
4 0.208500 0.671828 0.020000 0.042957
4 0.773167 0.355270 0.037000 0.055195
4 0.816000 0.306069 0.029667 0.046703
4 0.908333 0.345904 0.046333 0.039960
1 0.757333 0.665834 0.045667 0.065435
1 0.690917 0.649101 0.032500 0.058941
1 0.855333 0.731518 0.080333 0.104895
1 0.855583 0.724525 0.081167 0.048452
0 0.523500 0.843407 0.252333 0.313187
0 0.748750 0.401598 0.149167 0.594905
0 0.538583 0.696429 0.259167 0.284965
0 0.183167 0.539960 0.202000 0.308691
0 0.900417 0.410090 0.199167 0.746753
