2 0.133723 0.300178 0.053354 0.095783
2 0.567497 0.103659 0.028625 0.045732
2 0.853320 0.276677 0.063686 0.073171
1 0.182673 0.879573 0.050305 0.042175
1 0.084265 0.876651 0.041497 0.039888
1 0.563601 0.522358 0.035061 0.044715
1 0.602219 0.529472 0.020833 0.024898
1 0.894309 0.825330 0.043022 0.034807
1 0.840024 0.817073 0.035400 0.030488
4 0.074272 0.442454 0.034383 0.032266
4 0.122629 0.529345 0.033537 0.043445
4 0.595952 0.127287 0.016768 0.027439
4 0.532351 0.345020 0.015921 0.034553
4 0.943852 0.118775 0.016768 0.060722
4 0.832995 0.566057 0.024051 0.045224
0 0.125169 0.575965 0.165312 0.648374
0 0.881860 0.465955 0.141430 0.754573
0 0.576897 0.311357 0.103997 0.460112
