2 0.186804 0.394080 0.098569 0.088399
2 0.513911 0.400319 0.089825 0.065304
2 0.746224 0.473188 0.116455 0.110167
4 0.228537 0.528272 0.067568 0.032387
4 0.461248 0.532121 0.041733 0.028935
4 0.522456 0.520042 0.052862 0.033448
1 0.735294 0.892753 0.071542 0.108840
1 0.794316 0.908415 0.065580 0.114149
1 0.493442 0.812848 0.023450 0.037165
1 0.211447 0.828245 0.126391 0.044598
1 0.129372 0.810592 0.030604 0.049111
0 0.160572 0.600478 0.209062 0.506504
0 0.734300 0.690072 0.293720 0.549774
0 0.500994 0.610565 0.202305 0.487390
