2 0.846491 0.456277 0.049708 0.073739
2 0.203673 0.473273 0.042215 0.078673
2 0.418677 0.355811 0.051170 0.105263
4 0.163560 0.568257 0.032164 0.026864
4 0.141539 0.568257 0.022844 0.030154
3 0.270468 0.615954 0.023026 0.037829
3 0.391721 0.619243 0.030885 0.062500
3 0.493604 0.534539 0.032164 0.040570
3 0.840826 0.614857 0.039474 0.023575
3 0.809759 0.604852 0.023392 0.046327
3 0.126005 0.706277 0.016630 0.050713
1 0.892544 0.772204 0.037646 0.031798
1 0.347862 0.905702 0.052449 0.059759
0 0.415570 0.620066 0.188231 0.632675
0 0.211349 0.555099 0.162098 0.243421
0 0.865588 0.602111 0.134320 0.371436
