2 0.566277 0.341518 0.009844 0.019574
2 0.546245 0.281937 0.009158 0.017857
2 0.474817 0.362466 0.011447 0.020948
1 0.457875 0.406250 0.016026 0.012363
1 0.538805 0.382040 0.013049 0.009959
1 0.550137 0.381181 0.006868 0.008929
3 0.487179 0.410371 0.008700 0.016484
3 0.468521 0.403331 0.008929 0.008585
3 0.548535 0.333963 0.004579 0.010646
3 0.570627 0.386848 0.006639 0.009959
3 0.561699 0.372081 0.005266 0.007898
0 0.464515 0.384959 0.054945 0.070055
0 0.540064 0.328468 0.023352 0.115041
0 0.556891 0.361092 0.033654 0.059409
