2 0.279926 0.314169 0.099560 0.091526
2 0.703404 0.335005 0.089373 0.092761
2 0.802732 0.398904 0.090762 0.101405
2 0.210928 0.395509 0.093077 0.093996
4 0.319981 0.525004 0.058810 0.039667
4 0.382612 0.504939 0.048391 0.032875
4 0.406923 0.449221 0.041908 0.035654
4 0.336189 0.365411 0.063441 0.035345
4 0.626534 0.427998 0.053253 0.033647
4 0.593540 0.461414 0.060431 0.035036
4 0.703867 0.513042 0.063441 0.036425
4 0.775179 0.533107 0.052327 0.045377
1 0.401366 0.739697 0.136374 0.056645
1 0.405881 0.726887 0.143089 0.028245
1 0.659991 0.745100 0.117851 0.056953
0 0.796481 0.562201 0.390368 0.423676
0 0.269391 0.544528 0.398009 0.452230
0 0.321718 0.403534 0.215096 0.272110
0 0.684997 0.381849 0.243806 0.190153
