4 0.689425 0.644828 0.160920 0.322759
4 0.687011 0.262759 0.096782 0.202759
4 0.738736 0.333103 0.117931 0.210345
4 0.501839 0.285862 0.045977 0.115862
4 0.468046 0.261552 0.133333 0.260345
4 0.358161 0.314828 0.135172 0.172414
4 0.395862 0.837414 0.062529 0.057586
2 0.912529 0.234483 0.174943 0.468966
2 0.268161 0.381207 0.122069 0.177586
2 0.593448 0.385517 0.114253 0.244828
0 0.618736 0.502931 0.391034 0.683103
0 0.318621 0.499483 0.428506 0.733448
0 0.805287 0.501379 0.389425 0.997241
0 0.211609 0.614310 0.423218 0.771379
