2 0.304120 0.628375 0.023981 0.030250
2 0.792893 0.637625 0.019621 0.032750
2 0.524853 0.630875 0.015479 0.027250
4 0.354044 0.713500 0.008284 0.013000
4 0.249400 0.726000 0.011772 0.019000
4 0.779267 0.717625 0.009374 0.016250
3 0.543819 0.616625 0.008066 0.015250
3 0.520493 0.696875 0.005014 0.012250
1 0.792566 0.798500 0.029431 0.020500
1 0.537824 0.774125 0.011336 0.012750
1 0.520929 0.776125 0.015043 0.010750
1 0.277196 0.834500 0.015479 0.028500
0 0.300741 0.731250 0.114890 0.235500
0 0.281230 0.573000 0.034881 0.070000
0 0.550142 0.185875 0.028559 0.059750
0 0.618923 0.170875 0.047962 0.053750
0 0.531066 0.694125 0.036625 0.174250
0 0.793002 0.712375 0.044692 0.189250
