2 0.685425 0.805896 0.004639 0.009888
4 0.707520 0.868888 0.002441 0.006592
4 0.701599 0.836294 0.002075 0.005127
4 0.729736 0.810841 0.003418 0.005493
4 0.451904 0.926570 0.003662 0.007691
4 0.443726 0.921260 0.001953 0.004029
4 0.688171 0.702985 0.002075 0.002930
4 0.718689 0.748581 0.003052 0.004761
4 0.709717 0.559055 0.002197 0.002930
4 0.703674 0.570408 0.002075 0.002930
4 0.697144 0.566014 0.001953 0.002564
3 0.385132 0.812214 0.005127 0.005310
3 0.405273 0.753342 0.003418 0.005493
3 0.480103 0.728438 0.002686 0.005493
3 0.715698 0.697217 0.001953 0.004944
3 0.702454 0.772294 0.002319 0.006775
3 0.713196 0.774217 0.002808 0.005127
4 0.807312 0.678997 0.001831 0.003662
4 0.315125 0.803516 0.003052 0.002930
1 0.680542 0.856437 0.006104 0.005860
1 0.686340 0.856620 0.003784 0.006226
1 0.446106 0.955228 0.006958 0.009339
1 0.457214 0.946164 0.003784 0.014649
1 0.710876 0.892236 0.005249 0.004944
1 0.691895 0.844534 0.005859 0.006226
1 0.695923 0.843527 0.003906 0.007508
1 0.399353 0.779711 0.002808 0.008057
1 0.404175 0.777788 0.004150 0.005310
1 0.374451 0.840322 0.003052 0.005493
1 0.381409 0.846731 0.003052 0.004761
1 0.258301 0.956601 0.005615 0.008057
2 0.733765 0.808277 0.005859 0.008057
2 0.707397 0.811024 0.005615 0.008057
2 0.711060 0.835103 0.005615 0.009705
2 0.693604 0.797015 0.005371 0.008240
2 0.707886 0.750229 0.004395 0.008057
2 0.717102 0.732192 0.004517 0.006409
2 0.717529 0.679363 0.002686 0.004029
2 0.689819 0.686687 0.004150 0.005127
2 0.675110 0.684307 0.002808 0.004029
2 0.670593 0.673137 0.003052 0.004395
2 0.811279 0.680828 0.002441 0.004761
2 0.799500 0.542208 0.002075 0.004029
2 0.837280 0.542025 0.001709 0.002930
2 0.701782 0.559147 0.002441 0.004944
2 0.715210 0.381798 0.002441 0.004029
2 0.670959 0.356162 0.003052 0.005493
2 0.736084 0.385644 0.001953 0.004029
2 0.140259 0.616371 0.003418 0.005860
2 0.302795 0.786120 0.004761 0.006958
2 0.376404 0.798755 0.003784 0.008057
2 0.403198 0.736678 0.003418 0.004761
2 0.437683 0.703443 0.005737 0.010071
2 0.472717 0.792987 0.004517 0.010438
2 0.482361 0.710950 0.004517 0.008973
2 0.446411 0.893335 0.005615 0.016664
0 0.450745 0.922175 0.018433 0.079106
0 0.478210 0.796832 0.016968 0.021425
0 0.262817 0.927852 0.017822 0.063725
0 0.378052 0.821278 0.019531 0.056766
0 0.306213 0.811115 0.020386 0.057682
0 0.139160 0.621681 0.012451 0.025270
0 0.401855 0.759202 0.012207 0.052371
0 0.437927 0.723860 0.011353 0.052371
0 0.480774 0.725691 0.011841 0.044314
0 0.492859 0.538821 0.004272 0.009705
0 0.485840 0.540103 0.004883 0.009705
0 0.811401 0.687969 0.011963 0.023805
0 0.717957 0.748581 0.010132 0.040652
0 0.724976 0.751328 0.012207 0.038454
0 0.707581 0.769365 0.014771 0.050723
0 0.732849 0.821644 0.014038 0.041751
0 0.712891 0.862388 0.013916 0.063908
0 0.707275 0.833181 0.013672 0.055301
0 0.694092 0.819813 0.011963 0.058231
0 0.686096 0.829610 0.019653 0.060612
0 0.688843 0.700146 0.007812 0.034609
0 0.675415 0.689526 0.005859 0.018495
0 0.670227 0.678172 0.006226 0.016664
0 0.717285 0.692364 0.007324 0.033693
0 0.710571 0.568760 0.005127 0.023439
0 0.799988 0.545688 0.003540 0.010987
0 0.837891 0.543399 0.002441 0.004944
0 0.700562 0.564457 0.009033 0.020326
0 0.701843 0.578740 0.007935 0.009705
