2 0.572583 0.315250 0.168833 0.296000
2 0.366583 0.551375 0.094167 0.163750
2 0.278917 0.502375 0.074167 0.133250
0 0.384917 0.653875 0.187167 0.382250
0 0.248083 0.577500 0.144833 0.297500
0 0.627333 0.574500 0.454000 0.851000
4 0.495083 0.531250 0.092167 0.247500
4 0.361667 0.807500 0.041667 0.063500
4 0.223500 0.694625 0.057667 0.055750
4 0.207667 0.668375 0.043667 0.038750
4 0.660750 0.938750 0.104167 0.122500
4 0.024417 0.700875 0.048500 0.101750
4 0.160667 0.905750 0.064333 0.096000
4 0.049917 0.879125 0.087833 0.070250
0 0.097083 0.918875 0.193833 0.154250
