2 0.213192 0.271599 0.159281 0.182292
2 0.302736 0.414062 0.093322 0.125306
2 0.344497 0.461550 0.050643 0.092831
2 0.562181 0.519148 0.040025 0.077512
2 0.590872 0.503983 0.043496 0.076593
2 0.785379 0.337776 0.077599 0.124694
4 0.299469 0.715227 0.067184 0.088542
4 0.328262 0.714001 0.037778 0.092218
4 0.352256 0.623775 0.053502 0.037377
4 0.412293 0.563572 0.018379 0.038297
4 0.368899 0.561581 0.023892 0.027574
4 0.620992 0.650429 0.041250 0.072304
4 0.552277 0.543045 0.020216 0.029718
4 0.591485 0.576287 0.029610 0.039216
4 0.586992 0.541513 0.031652 0.051164
4 0.743006 0.541667 0.099040 0.112745
4 0.698999 0.610141 0.039208 0.084865
1 0.381969 0.945925 0.085563 0.064032
1 0.604554 0.915135 0.035328 0.056373
0 0.766898 0.641850 0.308965 0.716299
0 0.623239 0.546569 0.112722 0.161765
0 0.609761 0.712776 0.141719 0.463542
0 0.358791 0.501685 0.127017 0.168199
0 0.195222 0.586091 0.336941 0.827819
0 0.315601 0.527267 0.116602 0.363971
