2 0.434227 0.133584 0.061932 0.136406
2 0.369003 0.269167 0.115867 0.225071
2 0.725541 0.428857 0.159141 0.237770
4 0.485811 0.444026 0.051897 0.050800
4 0.464801 0.315734 0.042490 0.033631
4 0.407495 0.418744 0.027281 0.046802
4 0.408592 0.393109 0.029790 0.034102
4 0.431954 0.616886 0.058953 0.083725
4 0.631938 0.468956 0.058482 0.126058
4 0.638915 0.429092 0.031671 0.097131
1 0.458608 0.974835 0.129821 0.050329
0 0.478285 0.199200 0.151615 0.267168
0 0.200141 0.352775 0.154124 0.479774
0 0.693713 0.654398 0.331922 0.691204
0 0.372844 0.575376 0.328316 0.849247
