2 0.685570 0.389349 0.082223 0.159639
2 0.924521 0.354375 0.150959 0.215452
2 0.398278 0.239337 0.141046 0.227638
2 0.090591 0.378869 0.143809 0.271752
4 0.765356 0.707897 0.077673 0.090909
4 0.674358 0.697782 0.101072 0.106264
4 0.596360 0.698879 0.056549 0.070436
4 0.601722 0.477577 0.048424 0.075311
4 0.409246 0.665611 0.067761 0.134536
4 0.397546 0.583232 0.035587 0.078479
4 0.144865 0.716427 0.055736 0.088472
4 0.048018 0.868511 0.066136 0.095296
0 0.672814 0.514258 0.225382 0.420180
0 0.092216 0.612235 0.184433 0.765294
0 0.810367 0.626371 0.379266 0.740434
0 0.329136 0.426273 0.319305 0.635145
