2 0.397528 0.200746 0.043165 0.077646
2 0.452038 0.239154 0.037816 0.068251
2 0.559306 0.235424 0.042797 0.081791
2 0.644162 0.181542 0.049068 0.090080
2 0.456281 0.375794 0.059214 0.079027
4 0.384892 0.362531 0.026379 0.039237
4 0.513743 0.440315 0.035049 0.033435
4 0.672662 0.460348 0.024534 0.051395
4 0.557185 0.354103 0.035233 0.032882
4 0.543903 0.377867 0.023796 0.036198
1 0.606622 0.676844 0.062166 0.059961
1 0.644346 0.701299 0.025457 0.036474
1 0.547962 0.720088 0.052573 0.038685
1 0.582642 0.651423 0.051098 0.038961
1 0.398450 0.690246 0.054234 0.042001
1 0.414315 0.665101 0.052389 0.043658
1 0.492898 0.688864 0.022874 0.028737
1 0.565578 0.678364 0.017709 0.039237
1 0.552850 0.685272 0.007010 0.034816
0 0.641395 0.428295 0.133924 0.581376
0 0.385261 0.437552 0.107176 0.549599
0 0.461262 0.324813 0.088360 0.240674
0 0.474636 0.418762 0.110312 0.168831
0 0.560137 0.349959 0.099059 0.309754
