2 0.715250 0.254000 0.170500 0.326500
2 0.449000 0.232875 0.072000 0.127250
2 0.278917 0.337250 0.062500 0.123500
2 0.124083 0.327000 0.115500 0.163500
2 0.327167 0.595500 0.129333 0.202000
4 0.172750 0.821125 0.071500 0.150250
4 0.226500 0.794375 0.060333 0.118750
4 0.101167 0.730125 0.058667 0.108750
4 0.266250 0.681375 0.042167 0.071750
4 0.555417 0.860375 0.107167 0.124750
4 0.683333 0.472250 0.094000 0.161000
0 0.695083 0.559625 0.387833 0.858250
0 0.272583 0.448625 0.123500 0.324250
0 0.154000 0.559250 0.238000 0.618000
0 0.467583 0.384250 0.165167 0.502000
0 0.286333 0.750500 0.297333 0.499000
