2 0.418000 0.552625 0.042667 0.087750
2 0.523167 0.539750 0.041000 0.082500
2 0.764833 0.772375 0.046667 0.077250
4 0.721167 0.773875 0.020667 0.029750
3 0.360833 0.703750 0.025000 0.039500
3 0.503417 0.660125 0.034167 0.048750
3 0.537833 0.654875 0.028667 0.042750
0 0.518167 0.653250 0.126333 0.304000
0 0.400417 0.684625 0.121167 0.352250
1 0.422583 0.838000 0.020500 0.042500
1 0.389917 0.738375 0.021167 0.048250
1 0.529250 0.779250 0.019833 0.045000
1 0.494083 0.748750 0.023167 0.045000
0 0.733833 0.861875 0.135333 0.276250
