2 0.929250 0.304000 0.141500 0.267500
2 0.844500 0.330500 0.081000 0.185500
2 0.718000 0.211375 0.065000 0.148250
2 0.291667 0.249125 0.100333 0.181750
2 0.152667 0.353750 0.136667 0.192500
4 0.338833 0.572125 0.048000 0.109750
4 0.629083 0.668375 0.148833 0.158250
4 0.690917 0.615750 0.072167 0.094000
4 0.704167 0.542250 0.041667 0.076500
4 0.722667 0.515625 0.033667 0.058250
4 0.750667 0.419625 0.024000 0.051250
4 0.186500 0.731125 0.064667 0.078250
4 0.358667 0.309500 0.043667 0.103000
0 0.713417 0.294500 0.154167 0.311000
0 0.777167 0.550125 0.445667 0.788750
0 0.790333 0.440125 0.233000 0.418750
0 0.200833 0.516875 0.335667 0.526250
0 0.339167 0.370000 0.234333 0.435500
