2 0.480061 0.279133 0.126882 0.123418
2 0.225181 0.386914 0.085053 0.069806
2 0.316788 0.364669 0.073062 0.053239
2 0.714306 0.387844 0.072783 0.059754
2 0.638595 0.363645 0.058003 0.052308
0 0.475600 0.599963 0.433631 0.762472
0 0.241216 0.514054 0.235917 0.332278
0 0.296012 0.396966 0.112381 0.125279
0 0.682376 0.509773 0.237591 0.299888
4 0.446180 0.475521 0.078081 0.043745
4 0.489961 0.484084 0.046849 0.037789
4 0.284858 0.457651 0.039320 0.024386
1 0.314557 0.918652 0.100948 0.110573
1 0.642359 0.925354 0.085611 0.115413
1 0.284718 0.636076 0.092025 0.043187
1 0.375488 0.663440 0.109035 0.033879
1 0.521751 0.622859 0.042387 0.036485
1 0.633017 0.647338 0.021194 0.044118
