2 0.751583 0.374250 0.173500 0.267000
2 0.084083 0.574250 0.161167 0.198500
2 0.140583 0.484000 0.089167 0.158500
2 0.595750 0.499000 0.095833 0.070500
2 0.410000 0.463375 0.085000 0.126750
0 0.224917 0.648000 0.449500 0.701500
0 0.700500 0.619750 0.528000 0.760500
4 0.280417 0.950500 0.058833 0.042500
4 0.433250 0.391250 0.036833 0.185000
4 0.453833 0.321500 0.037333 0.156500
4 0.702583 0.870875 0.077167 0.102250
4 0.581750 0.761250 0.049500 0.057500
4 0.531833 0.725500 0.029000 0.026000
0 0.601417 0.636875 0.168500 0.362750
0 0.449500 0.547250 0.140667 0.298500
0 0.140167 0.483125 0.094000 0.164250
