2 0.186150 0.394933 0.153549 0.173097
2 0.305941 0.230581 0.086806 0.149949
2 0.485243 0.237140 0.070795 0.127058
2 0.660108 0.283436 0.086806 0.169753
2 0.798804 0.491255 0.129244 0.170267
4 0.700039 0.905350 0.082948 0.070988
4 0.367380 0.763760 0.059606 0.124228
4 0.514853 0.295010 0.065972 0.153292
4 0.549190 0.306584 0.039738 0.111626
4 0.468075 0.306970 0.026813 0.086677
4 0.550154 0.273405 0.050154 0.107510
4 0.513600 0.277521 0.045332 0.132716
0 0.453125 0.419882 0.189815 0.489969
0 0.629051 0.420782 0.250772 0.444444
4 0.730710 0.455247 0.047068 0.057099
0 0.305363 0.390689 0.167824 0.471708
0 0.729456 0.625643 0.399884 0.748714
0 0.224923 0.650720 0.449460 0.698560
