2 0.813177 0.540174 0.077268 0.150896
2 0.649496 0.315649 0.075775 0.124580
2 0.489548 0.356663 0.085480 0.202128
2 0.270997 0.253359 0.072788 0.148936
2 0.134192 0.492441 0.095931 0.166293
4 0.887085 0.875420 0.082120 0.072228
4 0.650896 0.861562 0.042740 0.061870
4 0.528835 0.621501 0.049085 0.111422
4 0.588093 0.779115 0.036208 0.080627
4 0.784714 0.479283 0.031542 0.039754
4 0.433837 0.635778 0.050579 0.083427
4 0.242161 0.678891 0.045353 0.035274
4 0.173292 0.756859 0.056551 0.092105
4 0.154535 0.823348 0.071295 0.043673
0 0.284714 0.528975 0.211833 0.719765
0 0.473498 0.571249 0.244867 0.652016
0 0.795353 0.683231 0.348078 0.447648
0 0.128779 0.647256 0.257559 0.465286
0 0.689903 0.570129 0.251027 0.673852
