0 0.840426 0.548385 0.319149 0.359180
0 0.259693 0.487392 0.247045 0.320410
2 0.265248 0.371395 0.086525 0.089046
2 0.844917 0.444208 0.238298 0.153349
2 0.482979 0.467297 0.107801 0.090465
2 0.745154 0.337983 0.122931 0.107644
0 0.484279 0.539401 0.439953 0.234988
0 0.727541 0.436722 0.199764 0.310165
4 0.294090 0.498582 0.050591 0.037667
4 0.343499 0.505201 0.037825 0.034831
4 0.299645 0.624665 0.071631 0.047124
4 0.264066 0.708668 0.192435 0.085894
4 0.247636 0.836564 0.193617 0.138061
4 0.089835 0.571001 0.057210 0.056107
0 0.180615 0.830496 0.359811 0.339007
0 0.062884 0.522616 0.125296 0.247754
