2 0.296000 0.312625 0.083333 0.145250
2 0.405833 0.265750 0.094667 0.171500
2 0.572417 0.229500 0.137500 0.287500
2 0.769583 0.173375 0.252833 0.332250
4 0.378833 0.662500 0.092667 0.080000
4 0.423083 0.712125 0.134833 0.109750
4 0.276667 0.584250 0.077333 0.059000
4 0.185583 0.526875 0.046167 0.045750
4 0.557500 0.822000 0.140333 0.123000
4 0.567917 0.923125 0.174833 0.153750
0 0.732417 0.504750 0.535167 0.990500
0 0.273167 0.403875 0.233667 0.346250
0 0.544500 0.442500 0.420667 0.716000
0 0.387500 0.409625 0.288333 0.456750
