2 0.449056 0.391229 0.053351 0.103289
2 0.582723 0.385747 0.060285 0.132718
2 0.668721 0.388200 0.104006 0.192441
2 0.804411 0.465522 0.129622 0.237450
2 0.334168 0.477207 0.061633 0.114253
2 0.239985 0.353001 0.097072 0.157819
4 0.463405 0.550346 0.046995 0.051068
4 0.435574 0.507069 0.043336 0.049336
4 0.506837 0.530294 0.045262 0.052510
4 0.507319 0.579919 0.040447 0.058280
4 0.583686 0.743941 0.042951 0.062608
4 0.536306 0.516734 0.035247 0.031160
4 0.490562 0.602568 0.024653 0.037796
4 0.388001 0.662435 0.016371 0.036930
0 0.572901 0.659694 0.089561 0.671379
0 0.309804 0.636613 0.351888 0.726774
0 0.343702 0.708742 0.106895 0.582516
0 0.451464 0.668638 0.127119 0.662724
0 0.615851 0.645701 0.266757 0.708598
0 0.805470 0.674986 0.166795 0.646567
