2 0.858744 0.361742 0.022412 0.016835
2 0.764362 0.336174 0.016730 0.017045
2 0.582386 0.336174 0.023990 0.017045
2 0.073706 0.371212 0.019255 0.017256
2 0.392203 0.398148 0.033144 0.035774
3 0.511521 0.775042 0.021149 0.024411
3 0.610006 0.720644 0.024306 0.019571
4 0.388573 0.447391 0.025884 0.017256
4 0.435133 0.449811 0.023043 0.020833
1 0.529987 0.864583 0.043561 0.020833
1 0.595644 0.857008 0.037247 0.015362
1 0.395518 0.901094 0.047980 0.018939
0 0.296559 0.756839 0.124053 0.249790
0 0.361111 0.780093 0.149621 0.263047
0 0.550663 0.754524 0.131629 0.250631
0 0.626263 0.695497 0.091540 0.230640
0 0.409880 0.417614 0.124684 0.094487
0 0.580966 0.368476 0.067235 0.086700
0 0.860795 0.395728 0.051136 0.097433
0 0.764520 0.357639 0.041035 0.068392
0 0.079388 0.409722 0.066604 0.111111
