2 0.357273 0.504112 0.050073 0.075110
2 0.500365 0.396107 0.032164 0.053180
2 0.742142 0.484649 0.014985 0.027412
4 0.243604 0.586623 0.026681 0.046053
4 0.286001 0.647478 0.019371 0.048246
4 0.763158 0.540022 0.008772 0.015351
4 0.715095 0.529879 0.006944 0.011513
1 0.510051 0.738761 0.046418 0.074013
1 0.545687 0.719298 0.033626 0.066886
1 0.732273 0.603893 0.012061 0.020285
1 0.746162 0.608553 0.009137 0.015351
1 0.237756 0.841283 0.066155 0.043311
1 0.300621 0.777138 0.058114 0.038925
0 0.287463 0.654331 0.189693 0.424890
0 0.739035 0.541393 0.059211 0.156250
0 0.533808 0.568805 0.110746 0.407346
0 0.121528 0.524397 0.009868 0.034539
