2 0.802779 0.287183 0.059602 0.099323
2 0.660305 0.332581 0.051231 0.087284
2 0.488783 0.376599 0.056421 0.087033
2 0.317847 0.322297 0.061443 0.107349
2 0.196551 0.277276 0.070651 0.107098
4 0.434204 0.421620 0.022937 0.048658
4 0.375356 0.462002 0.034823 0.039127
4 0.497154 0.528217 0.029299 0.034612
4 0.750209 0.451216 0.031475 0.044143
4 0.746024 0.469150 0.023439 0.025834
4 0.601959 0.490971 0.027289 0.037371
4 0.621463 0.574367 0.025783 0.047153
4 0.342625 0.622649 0.033317 0.055932
4 0.245019 0.386506 0.037000 0.056684
4 0.254730 0.386506 0.028629 0.053173
1 0.189938 0.921495 0.053407 0.060697
1 0.248451 0.936544 0.056588 0.066717
1 0.729031 0.933409 0.060104 0.053424
1 0.809811 0.924379 0.063954 0.044896
1 0.565545 0.775520 0.061276 0.054176
1 0.608656 0.876097 0.034321 0.071733
1 0.383559 0.930399 0.041520 0.086030
1 0.412523 0.674567 0.091746 0.106095
1 0.488113 0.840356 0.027624 0.065463
1 0.541771 0.733760 0.032479 0.055430
0 0.349071 0.629671 0.222669 0.725608
0 0.197723 0.591297 0.141637 0.766742
0 0.484430 0.594306 0.152855 0.548031
0 0.626486 0.586531 0.202913 0.621771
0 0.779675 0.597943 0.162397 0.735390
