2 0.559250 0.301125 0.083167 0.173750
2 0.809500 0.537500 0.114333 0.210500
2 0.302583 0.545750 0.079833 0.149500
2 0.125750 0.512250 0.117500 0.208000
4 0.549167 0.767000 0.056333 0.079500
4 0.651417 0.791125 0.051833 0.062250
4 0.671667 0.810500 0.042333 0.042500
4 0.692333 0.706375 0.028333 0.092250
4 0.425750 0.780125 0.041500 0.054750
4 0.331750 0.793375 0.064500 0.076250
4 0.305667 0.825875 0.054000 0.076250
0 0.798167 0.708875 0.343667 0.582250
0 0.324667 0.638750 0.242667 0.337500
0 0.181750 0.672750 0.363167 0.532000
