2 0.474185 0.464904 0.089414 0.084808
2 0.731468 0.512788 0.088261 0.082115
2 0.504615 0.186442 0.074704 0.067885
3 0.398327 0.653365 0.057687 0.059038
3 0.603836 0.609519 0.037208 0.057115
3 0.773003 0.720096 0.054802 0.033269
3 0.520479 0.370481 0.060860 0.038654
0 0.710845 0.645865 0.251226 0.348654
0 0.518171 0.321731 0.187770 0.345000
0 0.430632 0.625385 0.223825 0.404231
1 0.349870 0.802212 0.046149 0.051346
1 0.474474 0.735577 0.061148 0.044231
1 0.633401 0.705192 0.059417 0.039231
1 0.718056 0.794519 0.060860 0.044808
1 0.553649 0.466923 0.051053 0.050000
1 0.463657 0.370865 0.059706 0.047885
