2 0.661272 0.182850 0.055736 0.093939
2 0.543478 0.139471 0.007853 0.018673
2 0.484294 0.180839 0.030071 0.054295
2 0.274660 0.213588 0.057843 0.065211
2 0.995882 0.147515 0.008236 0.019822
4 0.476058 0.252945 0.020494 0.025567
4 0.465907 0.308101 0.012067 0.019247
4 0.546447 0.158862 0.005746 0.005171
4 0.624210 0.466820 0.024516 0.077564
4 0.803199 0.272623 0.027006 0.037920
4 0.213369 0.251508 0.025283 0.036484
4 0.991668 0.188308 0.006321 0.008905
1 0.539169 0.185866 0.005363 0.007469
1 0.549033 0.188164 0.004788 0.005745
2 0.962268 0.123384 0.006129 0.008905
0 0.489274 0.310112 0.061866 0.314565
0 0.256273 0.389974 0.124880 0.443838
0 0.134170 0.188021 0.025857 0.076702
0 0.982092 0.174232 0.035817 0.080149
0 0.679276 0.462942 0.135798 0.650675
0 0.541946 0.161448 0.022793 0.065498
