2 0.172470 0.435714 0.073214 0.104018
2 0.396429 0.428795 0.054464 0.095982
2 0.716518 0.260714 0.140774 0.285268
4 0.232515 0.634040 0.028720 0.060045
4 0.267634 0.645982 0.020089 0.025893
4 0.377679 0.623884 0.030952 0.033929
4 0.405952 0.486719 0.033631 0.058259
4 0.647842 0.629018 0.084375 0.102232
1 0.241592 0.839174 0.068601 0.092187
1 0.137426 0.910937 0.046875 0.102679
1 0.466220 0.805246 0.030060 0.075223
0 0.404390 0.606920 0.172470 0.450446
0 0.660863 0.403348 0.290774 0.565179
0 0.190476 0.670536 0.174107 0.576339
