2 0.178786 0.210521 0.055286 0.095779
2 0.457071 0.388472 0.041571 0.080566
2 0.575500 0.374973 0.045286 0.078852
2 0.720429 0.412363 0.063714 0.087208
4 0.188214 0.368331 0.034143 0.031283
4 0.200286 0.353760 0.029143 0.041140
4 0.481143 0.511249 0.013714 0.030855
4 0.560714 0.507285 0.022286 0.034069
4 0.622857 0.508464 0.032857 0.029141
4 0.635500 0.548211 0.027000 0.031926
1 0.263857 0.800193 0.038857 0.049925
1 0.187214 0.793765 0.031857 0.060639
1 0.547000 0.797729 0.056571 0.048854
1 0.613929 0.782087 0.054714 0.037283
1 0.529571 0.761088 0.026000 0.043283
1 0.515286 0.770838 0.031429 0.042211
0 0.575357 0.537926 0.108714 0.404328
0 0.191571 0.494215 0.184286 0.661453
0 0.478500 0.567924 0.135857 0.446754
0 0.640500 0.594279 0.242714 0.450611
4 0.248357 0.372402 0.002714 0.007714
4 0.245714 0.365760 0.002286 0.009856
2 0.241000 0.353760 0.012000 0.019284
1 0.250000 0.452968 0.010286 0.011142
1 0.241786 0.452753 0.009000 0.011571
