2 0.313500 0.441917 0.090000 0.081500
2 0.456625 0.429000 0.070250 0.052333
2 0.693500 0.449833 0.070000 0.060000
2 0.786375 0.448583 0.082750 0.065500
2 0.251500 0.439667 0.047500 0.044333
4 0.385875 0.562917 0.044250 0.034833
4 0.373500 0.552417 0.039000 0.020833
4 0.337500 0.531083 0.031500 0.033833
4 0.337625 0.507833 0.026750 0.022667
4 0.429250 0.475417 0.038000 0.032167
4 0.557500 0.535500 0.031000 0.018667
4 0.687625 0.558750 0.045250 0.028833
4 0.644125 0.535750 0.046250 0.024500
4 0.649875 0.491500 0.037750 0.035333
4 0.654625 0.492667 0.046750 0.039333
1 0.276500 0.747917 0.124000 0.060833
1 0.389625 0.739417 0.108750 0.040833
1 0.426875 0.708417 0.081250 0.038500
1 0.475750 0.689417 0.057500 0.047167
1 0.512500 0.659667 0.061000 0.061333
1 0.659875 0.672833 0.061750 0.029000
1 0.690500 0.701500 0.051000 0.062667
1 0.691750 0.741500 0.108500 0.068000
1 0.832125 0.739750 0.103250 0.079833
0 0.474500 0.558000 0.196000 0.309333
0 0.269125 0.485167 0.166250 0.134000
0 0.702875 0.573250 0.173250 0.312833
0 0.281125 0.588417 0.325750 0.375167
