4 0.944927 0.669496 0.037230 0.073045
4 0.765818 0.631173 0.031636 0.077160
4 0.599344 0.458848 0.048611 0.052984
4 0.628376 0.482124 0.051890 0.055298
4 0.475405 0.620756 0.036458 0.079475
4 0.328125 0.630787 0.033951 0.077932
4 0.151138 0.450874 0.059992 0.073045
2 0.202836 0.162037 0.083912 0.154321
2 0.399788 0.163194 0.077353 0.142233
2 0.640336 0.178369 0.091628 0.137603
2 0.845679 0.246399 0.094522 0.131687
1 0.787037 0.976595 0.048611 0.046811
1 0.364101 0.985854 0.061150 0.028292
0 0.181906 0.541667 0.277006 0.916667
0 0.395448 0.545910 0.230324 0.908179
0 0.618924 0.550154 0.215471 0.899691
0 0.851659 0.588092 0.226852 0.823817
