2 0.220294 0.551129 0.105897 0.188048
2 0.346113 0.477822 0.069949 0.141301
2 0.656897 0.539973 0.125908 0.211952
2 0.501328 0.174236 0.044271 0.094024
2 0.522401 0.543958 0.060209 0.125365
4 0.279352 0.597742 0.037365 0.076228
4 0.325925 0.528685 0.037719 0.071979
4 0.309014 0.821912 0.069063 0.048074
4 0.484948 0.840239 0.061094 0.076228
4 0.502568 0.793094 0.068001 0.057902
4 0.517886 0.563081 0.048698 0.086056
4 0.516292 0.642098 0.034177 0.039575
4 0.423588 0.618061 0.018417 0.015936
4 0.414468 0.275299 0.027802 0.058167
4 0.555959 0.288579 0.028865 0.067198
0 0.312378 0.617530 0.145210 0.416467
0 0.621215 0.716202 0.329378 0.567596
0 0.217461 0.726162 0.253586 0.547676
0 0.488401 0.362815 0.180273 0.472776
0 0.576235 0.627092 0.169293 0.293227
