2 0.582714 0.447289 0.053143 0.078637
2 0.588000 0.498393 0.054857 0.089136
2 0.359286 0.469145 0.041143 0.095779
2 0.314571 0.451039 0.061714 0.103278
4 0.505857 0.617313 0.027429 0.043711
4 0.526286 0.643561 0.028286 0.038354
4 0.558714 0.606171 0.025429 0.028712
4 0.393500 0.629955 0.026143 0.036426
4 0.361071 0.606385 0.029571 0.031712
4 0.403929 0.562460 0.016429 0.017999
1 0.427071 0.867581 0.067286 0.064281
1 0.362643 0.860403 0.065857 0.054639
0 0.336071 0.656632 0.246714 0.514035
0 0.558714 0.520034 0.131429 0.234840
0 0.352500 0.508464 0.072714 0.168417
0 0.600143 0.564067 0.144000 0.223913
