2 0.855387 0.272625 0.071509 0.136750
2 0.689846 0.270250 0.065878 0.105500
2 0.648836 0.231375 0.051802 0.090750
2 0.560342 0.270125 0.021584 0.071250
2 0.543825 0.277875 0.039977 0.061750
2 0.507226 0.266875 0.040353 0.072750
2 0.416667 0.256500 0.057057 0.084500
2 0.367774 0.585500 0.082395 0.131500
2 0.380631 0.471875 0.048048 0.084250
2 0.382038 0.276750 0.034347 0.071500
4 0.435435 0.504125 0.019895 0.046750
4 0.361299 0.318250 0.015766 0.033000
1 0.630255 0.758250 0.063814 0.070000
1 0.603416 0.716625 0.045420 0.046250
1 0.514733 0.595250 0.023461 0.049500
1 0.528529 0.606125 0.029279 0.032250
1 0.686092 0.814500 0.062125 0.059500
1 0.434122 0.903750 0.031156 0.056000
1 0.460023 0.847625 0.028529 0.052250
0 0.369463 0.830500 0.189002 0.339000
0 0.406344 0.666000 0.207207 0.301000
0 0.687500 0.528000 0.085586 0.638000
0 0.849474 0.401625 0.097973 0.405750
0 0.645458 0.265125 0.059685 0.178750
0 0.616273 0.473000 0.101539 0.531500
0 0.519613 0.416875 0.087650 0.410250
0 0.439377 0.439125 0.096471 0.460250
0 0.388701 0.354500 0.070195 0.244500
0 0.396678 0.513625 0.100038 0.183250
