2 0.392684 0.151102 0.100830 0.230091
2 0.498443 0.097925 0.075752 0.152789
2 0.680733 0.225681 0.123833 0.238132
2 0.798772 0.138392 0.095988 0.175616
2 0.168973 0.146952 0.110342 0.223865
4 0.600657 0.693256 0.089934 0.141375
4 0.143462 0.513100 0.046870 0.063813
4 0.567883 0.366407 0.037184 0.048508
4 0.798426 0.394812 0.052750 0.035279
3 0.430820 0.533852 0.053269 0.057069
3 0.295054 0.531388 0.063300 0.182879
0 0.518592 0.231258 0.171394 0.387808
0 0.815462 0.519455 0.179177 0.939818
0 0.151418 0.505447 0.240574 0.948119
0 0.371671 0.516342 0.270495 0.953307
0 0.627637 0.554604 0.254237 0.890791
