2 0.894847 0.263170 0.151498 0.294196
2 0.774993 0.324107 0.079810 0.162500
2 0.662419 0.362723 0.069728 0.128125
2 0.512882 0.372991 0.049566 0.098661
2 0.397928 0.311384 0.055447 0.105804
2 0.257491 0.255134 0.084850 0.154911
2 0.193363 0.170313 0.035564 0.075446
2 0.146178 0.265402 0.054887 0.086161
2 0.069868 0.304464 0.139737 0.202679
2 0.657379 0.247991 0.012602 0.025446
2 0.637356 0.240179 0.012882 0.025000
4 0.675861 0.539955 0.070288 0.079018
4 0.738449 0.657813 0.094091 0.116518
4 0.596052 0.433482 0.064688 0.066964
4 0.705265 0.402679 0.030524 0.050893
4 0.713946 0.487277 0.049006 0.048661
4 0.493699 0.421429 0.028003 0.040179
4 0.527583 0.479687 0.038085 0.038839
4 0.339121 0.449107 0.066648 0.059821
4 0.422151 0.397321 0.042285 0.081250
4 0.218426 0.643973 0.077849 0.060268
4 0.189583 0.246652 0.025203 0.038839
1 0.817138 0.949777 0.082890 0.093304
1 0.761831 0.797321 0.037244 0.066964
1 0.744889 0.760491 0.029684 0.055804
1 0.704144 0.690625 0.047886 0.070536
1 0.656679 0.676116 0.024643 0.041518
1 0.538645 0.659375 0.063568 0.051786
1 0.490619 0.653795 0.044245 0.060268
1 0.408569 0.641518 0.055447 0.035714
1 0.378045 0.685268 0.028003 0.055357
1 0.360823 0.736161 0.106133 0.058036
1 0.289415 0.828571 0.073649 0.116964
1 0.233128 0.887723 0.078689 0.073661
1 0.204285 0.952455 0.089891 0.081696
0 0.297536 0.528571 0.227667 0.660714
0 0.384486 0.455357 0.168580 0.425000
0 0.509101 0.507143 0.153458 0.366964
0 0.627415 0.458259 0.144777 0.324554
0 0.720947 0.449107 0.204144 0.388393
0 0.816298 0.557366 0.367404 0.885268
0 0.145757 0.274554 0.052926 0.111607
0 0.178381 0.236607 0.071689 0.188393
0 0.133996 0.581920 0.267992 0.774554
