2 0.183612 0.312033 0.076942 0.150224
2 0.502373 0.447683 0.070947 0.161435
2 0.691481 0.400972 0.074444 0.128550
2 0.786910 0.449925 0.095428 0.160688
3 0.544966 0.820441 0.070697 0.108744
3 0.460655 0.820815 0.055458 0.087818
4 0.082063 0.822123 0.038221 0.096413
4 0.187859 0.693759 0.040969 0.099028
4 0.659755 0.828662 0.035473 0.101271
4 0.629528 0.832025 0.052461 0.095291
4 0.767050 0.807922 0.045216 0.062780
4 0.745191 0.856502 0.040470 0.050075
1 0.456033 0.978886 0.126655 0.042227
1 0.486260 0.943386 0.090682 0.066891
1 0.814889 0.891816 0.136897 0.063154
0 0.163502 0.579596 0.228579 0.828849
0 0.382963 0.666293 0.412191 0.667414
0 0.591431 0.620329 0.343492 0.697309
0 0.860979 0.602952 0.278041 0.640882
