2 0.391071 0.206878 0.076714 0.141633
2 0.143286 0.300086 0.128571 0.220484
2 0.694286 0.205592 0.088286 0.181487
2 0.803571 0.349368 0.128857 0.203771
4 0.592000 0.438719 0.037143 0.062781
4 0.524643 0.483287 0.029286 0.049068
4 0.418143 0.474180 0.034000 0.048854
4 0.292714 0.620527 0.059143 0.053139
4 0.345500 0.684058 0.069571 0.083351
4 0.637714 0.637669 0.060000 0.071995
4 0.600071 0.550996 0.077286 0.070495
1 0.615500 0.884187 0.098714 0.095350
1 0.721500 0.920506 0.105857 0.092565
0 0.221714 0.597493 0.443143 0.805014
0 0.662214 0.380759 0.203000 0.546390
0 0.417429 0.316263 0.244571 0.422970
0 0.775286 0.626741 0.414286 0.746518
