2 0.288000 0.557250 0.014333 0.027000
2 0.355917 0.552250 0.014500 0.032000
2 0.516000 0.497375 0.009000 0.018750
2 0.578417 0.443125 0.011833 0.026250
2 0.656083 0.422375 0.008500 0.015250
2 0.921917 0.434000 0.013500 0.027500
4 0.296000 0.604875 0.007333 0.012750
4 0.340250 0.600875 0.007167 0.009750
4 0.383417 0.602875 0.007167 0.007750
4 0.526000 0.511375 0.004333 0.006750
4 0.590333 0.491250 0.005000 0.010000
4 0.570500 0.497500 0.005000 0.007500
4 0.914083 0.480250 0.006833 0.011000
1 0.937750 0.482250 0.011167 0.013000
1 0.926917 0.482625 0.013167 0.010750
0 0.363833 0.570875 0.054333 0.074250
0 0.295000 0.576875 0.041000 0.069750
0 0.577000 0.486125 0.033000 0.112750
0 0.931167 0.455750 0.043333 0.067500
0 0.660417 0.450750 0.015167 0.074500
0 0.521250 0.506500 0.028833 0.040500
