2 0.919584 0.292533 0.160832 0.288020
2 0.816375 0.385120 0.095915 0.199672
2 0.546681 0.411789 0.069657 0.149070
2 0.262947 0.389633 0.092998 0.172593
2 0.153902 0.261761 0.187819 0.318381
4 0.460886 0.561132 0.034464 0.041302
4 0.508753 0.575082 0.037564 0.052243
4 0.616065 0.651121 0.057075 0.076313
4 0.499362 0.643873 0.062910 0.088621
0 0.528720 0.471554 0.200401 0.271335
0 0.729668 0.447347 0.272976 0.326860
0 0.267050 0.412062 0.534099 0.638129
0 0.790026 0.487965 0.419949 0.623085
0 0.267323 0.398796 0.101751 0.193107
