2 0.266369 0.413728 0.155060 0.185045
2 0.397693 0.472210 0.115923 0.169420
2 0.611830 0.399442 0.145685 0.192634
4 0.104613 0.433817 0.063095 0.087277
4 0.149405 0.436719 0.043452 0.077009
4 0.456920 0.171540 0.049554 0.144420
4 0.467113 0.139174 0.055357 0.092634
4 0.791741 0.202902 0.074851 0.186161
4 0.862723 0.330022 0.085565 0.082366
2 0.835640 0.682701 0.101042 0.154688
0 0.208631 0.657143 0.271131 0.685714
0 0.413542 0.541295 0.255655 0.913393
0 0.722321 0.556920 0.362500 0.886161
0 0.853348 0.672210 0.180506 0.573438
