2 0.335218 0.586894 0.019063 0.039865
2 0.367528 0.564226 0.024879 0.044033
2 0.458966 0.374544 0.013247 0.028400
2 0.382714 0.357999 0.018094 0.034914
2 0.428998 0.344190 0.013409 0.025534
2 0.985218 0.558103 0.028595 0.038562
4 0.334491 0.628713 0.008885 0.013549
4 0.370840 0.583507 0.009532 0.024752
4 0.468901 0.411542 0.005331 0.011204
1 0.324798 0.698020 0.011793 0.021886
0 0.328595 0.637181 0.033603 0.141480
0 0.374879 0.575690 0.040549 0.069046
0 0.377464 0.373502 0.039903 0.066441
0 0.434087 0.380667 0.034572 0.098489
0 0.463570 0.431214 0.029564 0.145909
0 0.963247 0.608390 0.073506 0.139135
