2 0.084250 0.617083 0.068500 0.054500
2 0.358000 0.544417 0.059000 0.052833
2 0.435250 0.617583 0.067500 0.043167
4 0.316125 0.629917 0.027250 0.025167
4 0.385625 0.700250 0.024750 0.026167
4 0.097000 0.746167 0.038500 0.025000
3 0.154500 0.526417 0.028500 0.039167
3 0.312250 0.655000 0.022500 0.037667
3 0.154875 0.517417 0.011750 0.015167
0 0.111750 0.673917 0.193000 0.332500
0 0.343750 0.643500 0.201500 0.249667
0 0.439625 0.732583 0.140250 0.274833
1 0.410000 0.855750 0.080500 0.027833
1 0.465750 0.817500 0.040000 0.027667
1 0.298125 0.742000 0.035750 0.047333
1 0.269375 0.692917 0.036750 0.027167
1 0.189000 0.791000 0.038000 0.032667
1 0.108000 0.822667 0.036000 0.033333
