2 0.282564 0.376607 0.050940 0.082776
2 0.350769 0.210026 0.046496 0.087918
2 0.806667 0.267866 0.058462 0.085347
4 0.368718 0.056298 0.035214 0.043702
4 0.720342 0.307969 0.025983 0.031877
1 0.861538 0.763496 0.041709 0.028792
1 0.810940 0.765810 0.038974 0.031362
1 0.379658 0.758869 0.050256 0.048329
1 0.404274 0.750386 0.037265 0.047815
1 0.235556 0.902057 0.036923 0.041645
1 0.285299 0.911568 0.059829 0.039075
1 0.167692 0.832905 0.052308 0.048329
0 0.273675 0.629306 0.138462 0.607712
0 0.182393 0.694087 0.082393 0.330077
0 0.372650 0.409254 0.129915 0.750643
0 0.800684 0.502057 0.185983 0.560925
