2 0.321739 0.417500 0.108546 0.089000
2 0.511244 0.253900 0.120540 0.100600
2 0.645427 0.456600 0.110645 0.088400
4 0.255472 0.515800 0.059970 0.085600
4 0.368216 0.538400 0.071964 0.040400
4 0.343628 0.673100 0.067766 0.052200
4 0.536882 0.716500 0.037481 0.037000
4 0.752624 0.712400 0.038981 0.036800
4 0.690255 0.555900 0.076762 0.089000
1 0.508846 0.901400 0.078561 0.049600
1 0.611394 0.912800 0.081559 0.043600
1 0.679160 0.916000 0.059970 0.040000
1 0.353523 0.904300 0.074363 0.054600
1 0.288606 0.902700 0.059670 0.064200
0 0.648876 0.672900 0.261469 0.525400
0 0.317691 0.653200 0.224588 0.564400
0 0.477061 0.565700 0.503148 0.721400
