2 0.139893 0.584164 0.009277 0.025690
2 0.348022 0.795821 0.005371 0.015721
2 0.495667 0.773198 0.008911 0.027991
2 0.535095 0.760544 0.009644 0.030291
2 0.599487 0.733321 0.008789 0.036426
2 0.690613 0.702454 0.014771 0.049080
2 0.824524 0.677722 0.012817 0.048696
4 0.144775 0.636695 0.003418 0.011887
4 0.507751 0.820360 0.005493 0.010353
4 0.503601 0.827837 0.006714 0.006902
4 0.520996 0.821127 0.006348 0.008052
4 0.603455 0.709356 0.004272 0.013804
4 0.596191 0.811158 0.005615 0.011120
4 0.680176 0.817293 0.005615 0.015721
4 0.699646 0.802339 0.006714 0.015721
4 0.820251 0.780291 0.007690 0.019939
4 0.825073 0.796779 0.009766 0.019939
0 0.499695 0.794670 0.022095 0.074003
0 0.598633 0.761503 0.023438 0.116564
0 0.694702 0.750767 0.034912 0.146472
0 0.825256 0.729103 0.031372 0.155291
0 0.533569 0.785660 0.030029 0.082822
0 0.144836 0.618290 0.018921 0.093175
