2 0.286375 0.380833 0.267750 0.236667
2 0.499625 0.302083 0.173250 0.174833
2 0.658875 0.327083 0.144250 0.122167
2 0.797625 0.333750 0.102250 0.106500
2 0.929500 0.326500 0.098500 0.089667
4 0.511625 0.666917 0.123250 0.077500
4 0.250250 0.752750 0.115500 0.054500
4 0.792000 0.525333 0.053500 0.037667
4 0.896750 0.503667 0.103000 0.040000
1 0.954625 0.928083 0.077250 0.081167
1 0.785625 0.908083 0.059750 0.075167
1 0.834875 0.973333 0.062750 0.053333
0 0.310750 0.623333 0.608000 0.753333
0 0.830375 0.613667 0.246750 0.678667
0 0.552250 0.594333 0.344000 0.768000
0 0.726500 0.619667 0.305500 0.739000
0 0.935000 0.623083 0.130000 0.718500
