2 0.281167 0.240538 0.084940 0.161355
2 0.821809 0.241036 0.089096 0.140936
4 0.463846 0.475100 0.060672 0.058765
4 0.591838 0.431150 0.053025 0.044572
4 0.759225 0.529382 0.060339 0.075697
4 0.292969 0.493899 0.029754 0.030627
4 0.279754 0.486305 0.030585 0.037351
1 0.311835 0.771414 0.103723 0.070219
1 0.369182 0.761579 0.054854 0.060010
1 0.371759 0.712027 0.059342 0.076444
1 0.377660 0.671315 0.060838 0.077191
1 0.735871 0.791584 0.094415 0.065239
1 0.698803 0.779009 0.044880 0.049054
0 0.300781 0.482819 0.387799 0.649402
0 0.774269 0.496887 0.421543 0.654631
0 0.341672 0.533491 0.130818 0.482819
