2 0.451333 0.333750 0.078000 0.153500
2 0.861667 0.305250 0.099667 0.198500
2 0.947167 0.275500 0.105667 0.336500
2 0.196083 0.237500 0.169500 0.259000
4 0.366667 0.509500 0.066667 0.088000
4 0.619083 0.467375 0.081167 0.089750
4 0.436583 0.845375 0.084833 0.096250
4 0.434417 0.839625 0.083500 0.092250
4 0.827917 0.694375 0.068833 0.101750
4 0.803833 0.712125 0.041000 0.081250
4 0.763500 0.836500 0.053000 0.077000
0 0.496000 0.627625 0.326667 0.744750
0 0.311167 0.510625 0.549333 0.973250
0 0.793583 0.550000 0.412833 0.900000
0 0.755500 0.601750 0.336000 0.796500
