2 0.164167 0.321500 0.130333 0.250500
2 0.454667 0.324500 0.110000 0.220000
2 0.629083 0.260250 0.097167 0.216500
2 0.823250 0.369125 0.112833 0.246750
4 0.187167 0.727375 0.115000 0.107250
4 0.348500 0.710000 0.093333 0.101500
4 0.425500 0.685125 0.079000 0.109250
4 0.524167 0.681250 0.078667 0.084000
4 0.683750 0.665500 0.034500 0.068000
4 0.810000 0.650375 0.036333 0.096750
0 0.199750 0.558125 0.390833 0.732250
0 0.438167 0.472500 0.326667 0.533000
0 0.624833 0.425500 0.206000 0.549500
0 0.830833 0.475500 0.265667 0.464500
