2 0.299769 0.423225 0.078704 0.073302
2 0.320891 0.468943 0.035301 0.038194
2 0.884838 0.348380 0.134259 0.097222
2 0.015046 0.429398 0.028935 0.056327
4 0.412037 0.517554 0.050926 0.029707
4 0.700810 0.403356 0.042824 0.045139
4 0.031250 0.581019 0.023148 0.027778
1 0.313079 0.667438 0.024306 0.027006
1 0.227141 0.822145 0.105903 0.046296
1 0.288194 0.797840 0.053241 0.043210
1 0.850116 0.969136 0.136574 0.061728
1 0.971933 0.950424 0.056134 0.094522
0 0.049769 0.555748 0.099537 0.357639
0 0.839410 0.655285 0.321181 0.689429
0 0.297454 0.610725 0.265046 0.459877
0 0.325521 0.565008 0.087384 0.244985
