2 0.577902 0.558705 0.035863 0.066518
2 0.499405 0.575893 0.038690 0.061607
2 0.713690 0.567187 0.047024 0.081696
2 0.632589 0.596429 0.046726 0.076339
4 0.601042 0.703571 0.021726 0.027679
4 0.516295 0.678460 0.016815 0.026563
4 0.595164 0.614174 0.020982 0.037277
4 0.599033 0.613281 0.020685 0.045313
4 0.689211 0.668973 0.011756 0.018304
1 0.512054 0.885491 0.033333 0.081696
1 0.500893 0.848326 0.019643 0.061384
1 0.602083 0.936272 0.041071 0.061384
1 0.625074 0.928683 0.025149 0.065848
1 0.657217 0.906250 0.035565 0.026786
1 0.573586 0.858259 0.037649 0.054464
0 0.719568 0.633594 0.071280 0.218527
0 0.572024 0.604018 0.079464 0.156250
0 0.498289 0.611607 0.082292 0.177679
