2 0.404500 0.293833 0.044500 0.108333
2 0.486250 0.296500 0.030500 0.079000
2 0.649875 0.293333 0.047750 0.100667
2 0.739125 0.350833 0.017250 0.029667
2 0.592375 0.629667 0.055250 0.101333
2 0.809625 0.307333 0.010750 0.021333
4 0.726250 0.471000 0.026000 0.031333
4 0.634000 0.435500 0.023000 0.031667
0 0.678000 0.487333 0.140000 0.493333
0 0.603750 0.750667 0.225500 0.346000
0 0.365375 0.497167 0.137750 0.515000
0 0.461625 0.470167 0.079750 0.427667
0 0.804250 0.354667 0.035500 0.117333
0 0.737500 0.372167 0.021000 0.073667
1 0.351000 0.727500 0.026500 0.052333
1 0.411375 0.713833 0.047750 0.055000
1 0.478375 0.668333 0.023250 0.033333
1 0.594750 0.856167 0.050000 0.045667
3 0.508125 0.772667 0.035750 0.036000
3 0.545125 0.747667 0.027750 0.022000
4 0.803250 0.333833 0.009500 0.007000
