2 0.765104 0.316433 0.058220 0.060181
2 0.727938 0.332234 0.049066 0.063754
3 0.568107 0.346524 0.083852 0.059907
3 0.486269 0.555922 0.039546 0.046716
3 0.377151 0.327700 0.035884 0.037648
2 0.946723 0.305441 0.051629 0.045342
1 0.634749 0.839791 0.069938 0.028030
1 0.682351 0.868233 0.137312 0.055785
1 0.462468 0.714619 0.056390 0.024457
1 0.538447 0.722176 0.075796 0.063754
1 0.781216 0.660896 0.096302 0.032976
1 0.919077 0.646331 0.088612 0.032976
1 0.848407 0.660896 0.046869 0.036823
0 0.418711 0.522946 0.160747 0.412751
0 0.503112 0.523633 0.142073 0.459742
0 0.630172 0.593020 0.258513 0.637538
0 0.739656 0.391179 0.070304 0.189887
0 0.813072 0.487909 0.163676 0.417422
0 0.912852 0.472245 0.148663 0.386095
0 0.960088 0.361500 0.079824 0.152514
0 0.012633 0.122424 0.025265 0.078318
0 0.048700 0.105249 0.066642 0.070349
2 0.046320 0.087387 0.030392 0.027480
