2 0.169312 0.343369 0.071777 0.139828
2 0.275269 0.238748 0.043945 0.086617
2 0.408813 0.258852 0.035400 0.084817
2 0.506104 0.356371 0.049072 0.100220
2 0.699585 0.288558 0.066162 0.145429
2 0.945129 0.283757 0.094116 0.195839
2 0.057068 0.374075 0.050903 0.087217
4 0.687927 0.494999 0.050659 0.057411
4 0.460327 0.500500 0.031250 0.041608
4 0.938110 0.453791 0.065186 0.114223
4 0.040771 0.502801 0.037598 0.040208
0 0.138123 0.467594 0.228394 0.399080
0 0.275696 0.337968 0.102173 0.286257
0 0.907288 0.379276 0.185425 0.388078
0 0.690613 0.374575 0.205933 0.317063
0 0.473572 0.416283 0.139282 0.218444
0 0.407532 0.348970 0.123657 0.273055
0 0.070984 0.403881 0.095093 0.164033
