2 0.930845 0.314172 0.138310 0.360340
4 0.501350 0.583076 0.185571 0.126029
4 0.506366 0.537423 0.149306 0.093364
4 0.447338 0.475823 0.161651 0.081790
4 0.473862 0.446373 0.148727 0.126800
4 0.446373 0.294239 0.186343 0.082305
4 0.790992 0.451132 0.076196 0.097737
4 0.109182 0.813529 0.114583 0.192387
4 0.105806 0.405864 0.090856 0.103909
0 0.683353 0.566615 0.633295 0.866770
0 0.274113 0.263503 0.547840 0.526492
0 0.297550 0.579990 0.594715 0.659465
0 0.618827 0.352623 0.449460 0.704733
0 0.675829 0.248071 0.648341 0.495628
0 0.676987 0.174254 0.645255 0.347994
