2 0.224833 0.230500 0.128667 0.244500
2 0.560583 0.210500 0.082833 0.166000
2 0.701333 0.291625 0.123667 0.215750
2 0.944583 0.243000 0.110833 0.325500
4 0.376083 0.577625 0.066167 0.063750
4 0.449167 0.454125 0.041667 0.051250
4 0.545917 0.491250 0.060833 0.042500
4 0.508083 0.543250 0.102500 0.117500
4 0.255583 0.407125 0.024167 0.061750
4 0.632500 0.508750 0.029333 0.043500
0 0.296333 0.554750 0.482667 0.890500
0 0.728333 0.532250 0.543333 0.933000
0 0.542583 0.313250 0.229167 0.371000
0 0.743167 0.384375 0.251000 0.424250
1 0.476833 0.860000 0.053667 0.104000
1 0.458583 0.904875 0.041833 0.041750
1 0.467000 0.943875 0.141333 0.112250
1 0.373917 0.965500 0.050833 0.069000
