2 0.471375 0.295085 0.015503 0.024740
2 0.638977 0.310791 0.011841 0.018717
2 0.760803 0.407145 0.008179 0.012858
2 0.303528 0.432454 0.010132 0.017253
4 0.472290 0.334961 0.008545 0.014648
4 0.481567 0.333171 0.009033 0.011068
4 0.641907 0.332764 0.006226 0.007324
4 0.307983 0.465820 0.008545 0.006510
4 0.774597 0.439697 0.004517 0.008626
4 0.753418 0.443278 0.003662 0.007975
1 0.307739 0.500895 0.005615 0.006999
1 0.761353 0.474040 0.007080 0.008626
1 0.770386 0.473633 0.005127 0.008789
0 0.764526 0.434652 0.029297 0.070150
0 0.478699 0.317220 0.040405 0.072266
0 0.637939 0.322754 0.031250 0.043620
0 0.305176 0.459473 0.036133 0.083008
