2 0.237939 0.478070 0.015351 0.028509
2 0.611659 0.452303 0.017178 0.033991
2 0.761330 0.437226 0.016082 0.033443
2 0.776864 0.443257 0.018640 0.033443
2 0.820358 0.439419 0.016447 0.033443
4 0.623538 0.550713 0.007310 0.020285
4 0.783808 0.527138 0.008406 0.013706
4 0.761513 0.519737 0.006213 0.013158
3 0.248538 0.567434 0.005848 0.014254
1 0.224781 0.623904 0.008772 0.021930
1 0.238487 0.626096 0.010599 0.017544
1 0.609101 0.630482 0.012792 0.019737
1 0.759686 0.586623 0.021564 0.024123
1 0.776681 0.584978 0.013158 0.026316
1 0.813596 0.590461 0.012427 0.018640
1 0.817069 0.590461 0.006213 0.018640
0 0.822368 0.500548 0.026316 0.151316
0 0.759686 0.504386 0.020102 0.162281
0 0.772113 0.511787 0.038377 0.169408
0 0.614583 0.537829 0.028143 0.205044
0 0.231908 0.547697 0.039839 0.171053
0 0.339364 0.542489 0.012792 0.087171
