2 0.440004 0.414166 0.060285 0.088575
2 0.274750 0.178304 0.060285 0.105597
2 0.605451 0.230958 0.048344 0.097230
2 0.742681 0.162291 0.058552 0.108194
4 0.431240 0.491200 0.020416 0.047605
4 0.338694 0.481246 0.019838 0.046163
4 0.404468 0.654068 0.031972 0.057126
4 0.621918 0.423832 0.031202 0.040969
4 0.584361 0.335401 0.029276 0.034911
4 0.684900 0.339008 0.018105 0.035776
4 0.705508 0.349250 0.040447 0.039527
4 0.263001 0.245817 0.036787 0.064051
0 0.261845 0.519331 0.183552 0.804385
1 0.711961 0.810589 0.042180 0.074726
1 0.778891 0.845211 0.041602 0.085113
1 0.581664 0.835834 0.028891 0.043278
1 0.453101 0.885170 0.036402 0.100404
1 0.371341 0.939411 0.058552 0.110214
1 0.312789 0.840162 0.074345 0.047894
1 0.256645 0.895845 0.070300 0.073283
0 0.612577 0.513993 0.125385 0.672533
0 0.744029 0.492210 0.142912 0.793422
0 0.408609 0.678304 0.176618 0.643393
