2 0.489388 0.474539 0.017650 0.030486
2 0.550045 0.466667 0.015192 0.029481
2 0.416108 0.626968 0.018990 0.035176
3 0.453865 0.530988 0.007373 0.010050
3 0.494973 0.516918 0.006479 0.012730
3 0.548146 0.526968 0.009607 0.012730
3 0.536528 0.519430 0.006032 0.014405
4 0.447386 0.691792 0.007373 0.015410
1 0.542672 0.574707 0.016086 0.017755
1 0.551944 0.586935 0.007819 0.012730
1 0.494415 0.589782 0.013405 0.009715
0 0.475760 0.524456 0.056971 0.137018
0 0.549151 0.521776 0.036193 0.151089
0 0.420800 0.714070 0.065460 0.214070
0 0.302279 0.196315 0.040661 0.123953
