2 0.531399 0.562723 0.004167 0.008036
2 0.587054 0.562054 0.004167 0.008036
2 0.640625 0.559040 0.004167 0.006473
2 0.357812 0.591295 0.005208 0.008929
2 0.295685 0.566406 0.005060 0.009598
2 0.959598 0.560268 0.004613 0.005357
4 0.642113 0.581027 0.002083 0.005804
4 0.586756 0.580134 0.001786 0.003125
4 0.524554 0.580580 0.001786 0.003571
0 0.589807 0.578125 0.009970 0.039732
0 0.638095 0.576339 0.010417 0.042411
0 0.528199 0.580134 0.011161 0.038393
0 0.292560 0.582031 0.011905 0.042188
0 0.353943 0.593973 0.015030 0.017411
0 0.956920 0.574330 0.011161 0.033482
