2 0.122693 0.336454 0.040233 0.083445
2 0.283874 0.372292 0.030756 0.069002
2 0.581380 0.239101 0.081796 0.173308
2 0.724771 0.155255 0.076974 0.162343
2 0.684622 0.324686 0.038570 0.065258
4 0.581546 0.439690 0.051205 0.058304
4 0.681879 0.416422 0.029094 0.041187
4 0.111222 0.521664 0.019618 0.038780
3 0.628595 0.477267 0.079135 0.086922
3 0.889609 0.458946 0.059850 0.098422
3 0.251787 0.555229 0.022111 0.054560
3 0.310557 0.518989 0.027265 0.043060
3 0.014630 0.641883 0.028928 0.110190
1 0.489111 0.892083 0.097423 0.102434
1 0.531505 0.857716 0.071820 0.063118
1 0.746467 0.897700 0.064173 0.082642
1 0.778969 0.887002 0.016791 0.083712
1 0.157523 0.726799 0.044389 0.038246
1 0.121197 0.733485 0.034913 0.054293
0 0.763924 0.501872 0.331172 0.809040
0 0.538570 0.518588 0.322361 0.725328
0 0.124190 0.526210 0.107398 0.456539
0 0.681297 0.503477 0.069160 0.411072
0 0.280050 0.484889 0.091937 0.300080
0 0.375894 0.540786 0.083126 0.155122
