2 0.739267 0.452679 0.071146 0.139333
2 0.621099 0.507078 0.072782 0.133266
2 0.498024 0.502831 0.084231 0.115066
2 0.257394 0.463195 0.060924 0.114257
2 0.181205 0.468959 0.077007 0.143984
4 0.798555 0.712032 0.055609 0.071992
4 0.659193 0.834884 0.061469 0.024469
4 0.695993 0.823761 0.046749 0.033771
4 0.569238 0.799798 0.031757 0.047321
4 0.570192 0.717594 0.041025 0.068959
4 0.421562 0.709505 0.041706 0.053994
4 0.316751 0.720728 0.034892 0.076441
4 0.308437 0.753286 0.030258 0.072801
4 0.145223 0.784833 0.048930 0.063094
0 0.814025 0.617796 0.371950 0.480890
0 0.299782 0.613043 0.199128 0.425683
0 0.653946 0.634783 0.231702 0.396764
0 0.129821 0.641759 0.207305 0.485541
0 0.466812 0.626188 0.242606 0.374722
1 0.209486 0.825076 0.038708 0.059050
1 0.256236 0.802831 0.052065 0.043680
1 0.357912 0.791507 0.060243 0.054601
1 0.059425 0.845298 0.062696 0.065521
1 0.984939 0.842872 0.030121 0.065521
1 0.413316 0.792619 0.027123 0.045096
