2 0.047393 0.213816 0.094786 0.363304
2 0.479288 0.328947 0.127193 0.247807
2 0.715278 0.276864 0.181530 0.349050
4 0.366837 0.519189 0.079191 0.101243
4 0.467836 0.770651 0.115010 0.104167
4 0.585039 0.805190 0.110624 0.112573
4 0.534722 0.859284 0.085039 0.112573
4 0.230019 0.552266 0.103314 0.108187
4 0.240132 0.780336 0.074805 0.134503
0 0.429581 0.601791 0.422515 0.796418
0 0.140351 0.517727 0.280702 0.963816
0 0.698221 0.550073 0.411062 0.899854
3 0.223928 0.567617 0.115497 0.138889
3 0.224293 0.777595 0.105994 0.145833
