2 0.299833 0.285125 0.053667 0.120250
2 0.120333 0.391750 0.072667 0.098500
2 0.450917 0.448750 0.070167 0.101000
3 0.232167 0.555375 0.061333 0.065750
3 0.206417 0.499000 0.040500 0.076000
3 0.244250 0.486500 0.029167 0.066000
3 0.348333 0.492875 0.043000 0.073250
3 0.374833 0.522500 0.042667 0.059500
3 0.375500 0.597375 0.051667 0.056750
0 0.428417 0.638250 0.155833 0.490000
0 0.168083 0.606000 0.188833 0.537000
0 0.307333 0.451625 0.158667 0.459750
1 0.434250 0.856000 0.046500 0.050000
1 0.358833 0.640750 0.031333 0.080000
1 0.273000 0.632000 0.040667 0.085000
1 0.141000 0.844125 0.067333 0.061250
1 0.204167 0.714750 0.048000 0.045000
