2 0.383417 0.158375 0.089167 0.198750
2 0.284000 0.392875 0.137333 0.269750
2 0.182583 0.506375 0.246500 0.350250
2 0.842667 0.210750 0.129667 0.233000
4 0.518917 0.207250 0.046833 0.087000
4 0.720667 0.595500 0.056667 0.081000
4 0.870000 0.649250 0.077000 0.088000
4 0.381333 0.631625 0.047667 0.059750
4 0.371333 0.744000 0.074000 0.094500
4 0.355083 0.832875 0.062833 0.064250
0 0.821333 0.456000 0.357333 0.738500
0 0.443417 0.316500 0.259833 0.522500
0 0.310917 0.534000 0.194833 0.565500
0 0.252500 0.664125 0.472667 0.671750
