2 0.248161 0.244850 0.107242 0.151300
2 0.493788 0.264713 0.079614 0.132663
2 0.902403 0.279181 0.124571 0.178764
4 0.842652 0.381437 0.079614 0.083619
4 0.660700 0.604463 0.063593 0.061795
4 0.322952 0.622241 0.040379 0.108141
4 0.197401 0.650074 0.052150 0.096126
4 0.509972 0.463708 0.028936 0.027955
4 0.423982 0.451692 0.030897 0.032859
0 0.715629 0.583374 0.516430 0.833252
0 0.465506 0.565228 0.189145 0.736636
0 0.270394 0.579205 0.374367 0.829819
1 0.462809 0.923124 0.047082 0.088524
1 0.526892 0.980015 0.114108 0.039971
1 0.280366 0.952918 0.097760 0.087298
