2 0.263863 0.436012 0.110432 0.128289
2 0.567552 0.368969 0.109258 0.092262
2 0.897674 0.453947 0.176927 0.130952
2 0.082824 0.466400 0.165179 0.233239
4 0.322368 0.524044 0.111842 0.104480
4 0.218398 0.546836 0.050987 0.121554
4 0.404370 0.521930 0.079417 0.071742
4 0.441729 0.510808 0.058741 0.054198
4 0.614192 0.586231 0.050752 0.024593
4 0.664591 0.588581 0.042998 0.022086
4 0.747180 0.557487 0.088346 0.107143
4 0.791353 0.550360 0.076598 0.092888
1 0.448073 0.890821 0.131109 0.057644
1 0.588346 0.869753 0.150846 0.037124
0 0.625000 0.494361 0.256109 0.357143
0 0.317434 0.497180 0.306861 0.269110
0 0.820019 0.699875 0.344925 0.600251
0 0.190202 0.654057 0.379934 0.608866
