2 0.304375 0.428917 0.070750 0.074500
2 0.378625 0.456667 0.086750 0.063333
2 0.528875 0.421833 0.095750 0.092000
4 0.204625 0.626500 0.036250 0.049667
4 0.374000 0.619250 0.028500 0.025167
1 0.509250 0.925333 0.076000 0.114333
1 0.333375 0.907083 0.074750 0.126167
1 0.409875 0.856500 0.087250 0.030000
1 0.294000 0.829083 0.069000 0.032833
1 0.230000 0.822167 0.066500 0.032333
1 0.302500 0.796250 0.067500 0.032833
0 0.474500 0.691000 0.358000 0.615667
0 0.353625 0.653583 0.201750 0.452833
0 0.276625 0.615333 0.196750 0.445667
