2 0.750992 0.480616 0.005952 0.010934
2 0.895007 0.486581 0.007606 0.012425
2 0.900959 0.495154 0.006283 0.008201
2 0.932622 0.487823 0.005787 0.009940
2 0.944775 0.484220 0.007606 0.010686
2 0.550678 0.523733 0.006118 0.011680
2 0.561095 0.520378 0.006448 0.009940
4 0.416253 0.649354 0.004795 0.006958
4 0.557622 0.559891 0.003142 0.006958
4 0.752728 0.484468 0.003472 0.005716
4 0.885251 0.518887 0.002976 0.003976
1 0.752232 0.540507 0.007110 0.006958
1 0.747106 0.539264 0.003472 0.004970
1 0.884590 0.548459 0.005952 0.007455
1 0.949074 0.544607 0.003307 0.006710
1 0.943535 0.543738 0.009094 0.007455
1 0.933532 0.542371 0.004299 0.006213
1 0.928985 0.543738 0.004134 0.005964
1 0.899719 0.551690 0.008102 0.007952
1 0.893767 0.550944 0.006118 0.007455
1 0.546792 0.595179 0.004960 0.005467
1 0.553241 0.595055 0.007275 0.007207
1 0.561260 0.594806 0.007440 0.006710
1 0.412037 0.689737 0.007606 0.008698
1 0.422784 0.690979 0.008598 0.011183
0 0.750165 0.509071 0.014881 0.072316
0 0.564071 0.556163 0.016038 0.086978
0 0.550513 0.558772 0.017030 0.087227
0 0.423198 0.646745 0.022983 0.089215
0 0.947999 0.513171 0.015046 0.071571
0 0.933118 0.511307 0.016038 0.072813
0 0.897156 0.520502 0.017857 0.066849
