2 0.201308 0.569894 0.076706 0.077214
2 0.332096 0.591381 0.122658 0.106494
2 0.811594 0.656198 0.049487 0.047698
2 0.717568 0.575207 0.045246 0.039669
4 0.697950 0.667296 0.024390 0.019362
4 0.743726 0.731641 0.020502 0.018182
0 0.713150 0.671783 0.109933 0.235183
0 0.808943 0.728453 0.155885 0.192680
1 0.845705 0.804250 0.030046 0.043447
1 0.872747 0.803306 0.026865 0.042975
1 0.083952 0.862574 0.043478 0.025030
4 0.027925 0.840732 0.024744 0.029516
0 0.366207 0.768595 0.618593 0.462810
0 0.183811 0.764935 0.172499 0.470130
