2 0.326500 0.287250 0.109333 0.208000
2 0.385667 0.379000 0.060000 0.168500
2 0.855750 0.278625 0.083500 0.181750
2 0.948250 0.433250 0.103500 0.283000
2 0.112583 0.481375 0.183500 0.272250
0 0.127000 0.669250 0.248333 0.661500
0 0.838167 0.409000 0.254333 0.441500
0 0.425500 0.555625 0.308667 0.520750
0 0.319000 0.496625 0.300000 0.630250
0 0.921667 0.618750 0.156667 0.754000
4 0.419750 0.762500 0.090833 0.074500
4 0.451917 0.704750 0.054500 0.045000
4 0.551500 0.656500 0.052333 0.050500
4 0.953417 0.642375 0.088167 0.148250
4 0.887000 0.587750 0.054667 0.087000
4 0.177667 0.966000 0.103000 0.068000
