2 0.162816 0.215886 0.087600 0.153884
2 0.262051 0.209661 0.060672 0.120020
2 0.817736 0.242779 0.091257 0.133466
4 0.267620 0.456922 0.050532 0.059263
4 0.282164 0.493401 0.036070 0.048556
4 0.766290 0.503113 0.080785 0.084910
4 0.734707 0.480702 0.029588 0.079930
1 0.721243 0.780876 0.053856 0.044821
1 0.645778 0.807520 0.099069 0.057271
1 0.325133 0.714019 0.031250 0.050548
1 0.380818 0.722112 0.051862 0.076693
1 0.310672 0.781873 0.094747 0.073207
1 0.301446 0.765563 0.100233 0.054034
0 0.302693 0.455055 0.206449 0.610309
0 0.782580 0.506101 0.371343 0.659114
0 0.211602 0.479208 0.294548 0.679034
