2 0.608810 0.276820 0.083023 0.186406
2 0.829895 0.588004 0.115658 0.224956
2 0.314846 0.557570 0.083192 0.164088
2 0.121576 0.538423 0.111600 0.172458
4 0.446906 0.813847 0.054109 0.058838
4 0.584714 0.666244 0.065945 0.066447
4 0.679236 0.592569 0.053433 0.060614
4 0.756679 0.658128 0.052756 0.097388
4 0.323977 0.866092 0.046331 0.067461
4 0.298106 0.890185 0.059520 0.084707
0 0.625211 0.497210 0.260568 0.629216
0 0.344521 0.659650 0.257525 0.366726
0 0.174248 0.726731 0.348157 0.546538
0 0.832009 0.727872 0.326852 0.544256
