2 0.852012 0.348284 0.102638 0.158350
2 0.736665 0.368907 0.076449 0.132680
2 0.633064 0.408855 0.059888 0.109893
2 0.489987 0.336746 0.066821 0.113931
2 0.355671 0.284828 0.066628 0.141621
2 0.231754 0.250649 0.131523 0.230747
2 0.114770 0.405105 0.094743 0.130661
4 0.800597 0.679694 0.057192 0.066051
4 0.715675 0.507355 0.046794 0.066340
4 0.689293 0.552928 0.043328 0.057110
4 0.690256 0.595039 0.034855 0.044419
4 0.554689 0.543265 0.027152 0.048745
4 0.531774 0.642486 0.031774 0.046438
4 0.466590 0.476060 0.035817 0.063744
4 0.341132 0.579752 0.057192 0.074416
4 0.344984 0.469859 0.049490 0.080185
4 0.416137 0.711134 0.034662 0.079319
0 0.362700 0.608163 0.162334 0.783675
0 0.092240 0.666859 0.150972 0.666282
0 0.494319 0.638448 0.157905 0.723104
0 0.606971 0.674647 0.141729 0.650707
0 0.818217 0.629939 0.267283 0.740121
0 0.728962 0.652870 0.133449 0.694260
