2 0.053977 0.722538 0.037247 0.022517
2 0.181818 0.714752 0.039141 0.022938
2 0.278567 0.712542 0.035669 0.028620
2 0.392203 0.699811 0.036932 0.022938
2 0.493056 0.716330 0.029672 0.029461
2 0.533144 0.691709 0.037247 0.034512
2 0.575600 0.724116 0.031250 0.021465
2 0.643308 0.711490 0.034722 0.019781
2 0.726168 0.681503 0.041982 0.025463
2 0.806029 0.682029 0.036932 0.022306
2 0.894729 0.650673 0.034407 0.023990
2 0.955019 0.677609 0.045139 0.038300
2 0.832702 0.612479 0.012626 0.009470
4 0.368845 0.765888 0.021149 0.025463
4 0.415720 0.769360 0.024621 0.017677
4 0.481061 0.778199 0.012626 0.020623
4 0.585069 0.776620 0.014205 0.025884
4 0.676136 0.790825 0.018308 0.028620
4 0.784091 0.789983 0.020833 0.024832
4 0.946023 0.781250 0.022727 0.022938
0 0.539773 0.749474 0.101010 0.153830
0 0.966225 0.745686 0.067551 0.179503
0 0.474905 0.771570 0.065341 0.139941
0 0.048453 0.785354 0.093750 0.148148
0 0.177241 0.787774 0.105745 0.172348
0 0.276357 0.782407 0.093750 0.172980
4 0.221907 0.788931 0.013258 0.027357
0 0.386837 0.764625 0.136048 0.147517
0 0.581439 0.767887 0.049242 0.117003
0 0.631155 0.766940 0.097538 0.139099
0 0.731061 0.752841 0.128157 0.179924
0 0.813289 0.742845 0.096275 0.170875
0 0.906250 0.727483 0.092803 0.191919
0 0.833018 0.636469 0.053030 0.073443
