2 0.224787 0.933300 0.075263 0.059548
2 0.442549 0.952262 0.052183 0.042249
2 0.605118 0.665669 0.040140 0.034597
2 0.524586 0.468230 0.035625 0.033599
2 0.401154 0.170991 0.032614 0.027944
2 0.455595 0.290752 0.031109 0.030605
1 0.545409 0.879741 0.040140 0.016301
1 0.608630 0.878410 0.015053 0.016966
3 0.511039 0.708916 0.030607 0.019960
3 0.650276 0.686460 0.034119 0.020958
3 0.537883 0.501996 0.022077 0.017299
3 0.466884 0.515635 0.023583 0.015968
3 0.483693 0.329674 0.020070 0.012641
3 0.439288 0.330838 0.014551 0.013639
3 0.420973 0.232036 0.016056 0.018297
3 0.370798 0.244511 0.017060 0.012641
0 0.588811 0.768130 0.186152 0.241517
0 0.514551 0.537092 0.118916 0.172655
0 0.468640 0.347638 0.094330 0.145043
0 0.231811 0.949933 0.190667 0.100133
0 0.433266 0.964904 0.146011 0.070193
0 0.423231 0.201597 0.123934 0.092482
