2 0.384750 0.213875 0.143833 0.253750
2 0.614833 0.118000 0.105333 0.217000
2 0.759750 0.187125 0.090500 0.186250
2 0.657250 0.472125 0.123833 0.233250
2 0.827417 0.480375 0.189167 0.322750
4 0.614917 0.834375 0.067167 0.046250
4 0.479750 0.741375 0.082167 0.092250
4 0.439500 0.832375 0.084333 0.103250
4 0.436417 0.615375 0.041167 0.115750
4 0.553333 0.455000 0.075000 0.092500
0 0.560667 0.346250 0.293000 0.692000
0 0.581167 0.620875 0.367333 0.527750
0 0.804000 0.289500 0.209333 0.389000
0 0.228833 0.350625 0.457333 0.527250
0 0.758667 0.659250 0.482667 0.681500
