2 0.477916 0.457511 0.076170 0.063822
2 0.184211 0.516220 0.099180 0.071932
2 0.069162 0.508286 0.121925 0.096968
2 0.831658 0.511460 0.081724 0.057475
2 0.968262 0.500705 0.063475 0.070169
4 0.286829 0.619887 0.038350 0.031382
4 0.335625 0.630201 0.039143 0.034379
4 0.389183 0.626763 0.036234 0.014810
4 0.574716 0.625617 0.052896 0.011460
4 0.791061 0.665462 0.079873 0.035790
4 0.743586 0.641661 0.049987 0.040021
4 0.702592 0.628085 0.043639 0.035085
1 0.339064 0.881171 0.120603 0.065233
1 0.399762 0.861248 0.065856 0.047955
1 0.453451 0.775388 0.038350 0.061354
1 0.539143 0.770892 0.112933 0.050247
1 0.594419 0.830395 0.063211 0.024330
1 0.640307 0.824489 0.126951 0.073166
1 0.683946 0.876851 0.142819 0.064351
0 0.227056 0.650300 0.257339 0.348907
0 0.740280 0.662994 0.354404 0.358075
0 0.806004 0.682123 0.387993 0.431946
0 0.487305 0.615568 0.235123 0.380289
0 0.217271 0.679831 0.434012 0.480606
