2 0.201224 0.284598 0.078373 0.088046
2 0.457507 0.277654 0.069775 0.083581
2 0.661210 0.261285 0.074405 0.078621
2 0.868221 0.284226 0.071759 0.085813
3 0.148644 0.421751 0.060516 0.040923
3 0.251157 0.420883 0.064484 0.036210
3 0.313327 0.420263 0.052579 0.022569
3 0.490906 0.422991 0.057870 0.031498
3 0.583333 0.423859 0.059524 0.036210
3 0.705026 0.425471 0.069444 0.033482
3 0.851852 0.426587 0.078042 0.036210
3 0.920304 0.427083 0.056878 0.034226
0 0.216104 0.339658 0.202712 0.204117
0 0.416501 0.334449 0.259590 0.207093
0 0.658069 0.328125 0.235450 0.229167
0 0.868221 0.340278 0.203373 0.216270
