2 0.262629 0.425030 0.132240 0.311384
2 0.568500 0.486910 0.178524 0.305038
2 0.432690 0.117215 0.130124 0.233637
2 0.623512 0.196351 0.133563 0.234034
2 0.769505 0.059104 0.092304 0.117414
4 0.205104 0.886553 0.049458 0.092820
4 0.280481 0.904205 0.103941 0.095597
4 0.400555 0.928996 0.134092 0.078540
4 0.742925 0.975010 0.106850 0.049980
0 0.518910 0.658271 0.581857 0.678699
0 0.845015 0.500000 0.309971 0.999207
0 0.269770 0.600555 0.354404 0.667196
0 0.436392 0.314359 0.235916 0.627925
0 0.734065 0.504760 0.373182 0.856406
