2 0.717188 0.625521 0.044792 0.106771
2 0.261372 0.461589 0.023438 0.040885
2 0.224479 0.476562 0.018750 0.035937
2 0.423785 0.363932 0.018056 0.034115
2 0.758420 0.189844 0.004340 0.010417
2 0.755122 0.186849 0.004687 0.009115
4 0.693490 0.827865 0.019271 0.046875
4 0.629774 0.788932 0.016146 0.022135
4 0.465017 0.452604 0.022743 0.020833
4 0.581944 0.455469 0.007639 0.013021
4 0.622830 0.466797 0.006424 0.012760
4 0.427170 0.406510 0.007812 0.016667
4 0.294444 0.532813 0.010069 0.016667
4 0.285243 0.473828 0.006250 0.014844
4 0.211285 0.518490 0.005556 0.010417
0 0.234115 0.517578 0.041493 0.113802
0 0.267795 0.524870 0.053993 0.162240
0 0.271615 0.439453 0.033854 0.090885
0 0.689583 0.735807 0.135417 0.337760
0 0.382031 0.376563 0.038368 0.095833
0 0.494705 0.438932 0.067187 0.121094
0 0.573264 0.417708 0.048958 0.110417
0 0.641753 0.443099 0.063368 0.165885
0 0.440538 0.382161 0.047743 0.075260
1 0.660243 0.523177 0.019097 0.013542
