2 0.258000 0.178820 0.046667 0.100983
2 0.400083 0.254138 0.037167 0.070760
2 0.480667 0.200648 0.039000 0.064044
2 0.619750 0.167906 0.104500 0.154953
2 0.855083 0.116215 0.084500 0.156632
4 0.227417 0.331494 0.015167 0.029743
4 0.245583 0.331854 0.036833 0.040058
4 0.410167 0.145838 0.018333 0.045574
4 0.428750 0.148837 0.019833 0.039098
4 0.634917 0.526865 0.051833 0.054450
4 0.690333 0.552890 0.044000 0.036460
4 0.793000 0.224634 0.060667 0.073639
4 0.760583 0.250300 0.046167 0.080835
1 0.207500 0.731470 0.043000 0.041017
1 0.261000 0.723195 0.026667 0.048933
1 0.622917 0.986448 0.094833 0.027105
1 0.673917 0.973735 0.096833 0.052531
1 0.837667 0.975054 0.067000 0.049892
0 0.485667 0.427561 0.085667 0.519789
0 0.257333 0.439794 0.143667 0.623891
0 0.617500 0.544375 0.212000 0.911250
0 0.845250 0.518350 0.215833 0.963301
0 0.398750 0.385104 0.093167 0.518829
