2 0.198558 0.364904 0.071154 0.138462
2 0.380529 0.430649 0.076763 0.173317
2 0.505128 0.472476 0.066346 0.126202
2 0.599679 0.371635 0.074359 0.119712
2 0.772596 0.473678 0.060256 0.151202
3 0.422837 0.646875 0.065224 0.069712
3 0.481971 0.647115 0.048878 0.090865
3 0.267708 0.603245 0.044071 0.052163
3 0.123638 0.646635 0.036378 0.022596
3 0.718590 0.695192 0.044231 0.056731
3 0.802724 0.689543 0.042628 0.071875
0 0.801522 0.569351 0.122276 0.348798
0 0.613542 0.510817 0.308173 0.404808
0 0.482452 0.554207 0.123878 0.292548
0 0.370353 0.518510 0.174359 0.349038
0 0.217788 0.487620 0.262821 0.383894
