2 0.270108 0.350405 0.045856 0.087716
2 0.422818 0.333487 0.036415 0.079257
2 0.702305 0.061512 0.063021 0.123023
2 0.753740 0.555075 0.019495 0.029239
4 0.238107 0.462762 0.026484 0.044318
4 0.359367 0.635712 0.011035 0.023906
4 0.425208 0.635436 0.012751 0.020780
1 0.648296 0.778135 0.047695 0.066752
1 0.912212 0.732255 0.096861 0.098198
1 0.445255 0.767194 0.028323 0.040088
1 0.390817 0.756988 0.038377 0.034020
1 0.318232 0.764803 0.050883 0.042663
3 0.380763 0.555627 0.020721 0.054616
3 0.483754 0.538709 0.013855 0.059397
3 0.667423 0.368794 0.053335 0.094336
3 0.739210 0.611162 0.008828 0.012688
0 0.251287 0.567396 0.177170 0.522067
0 0.430113 0.539077 0.116233 0.491909
0 0.793771 0.398584 0.367092 0.767010
0 0.764713 0.613001 0.045120 0.147665
0 0.393759 0.580728 0.077857 0.129092
