2 0.466003 0.253891 0.051392 0.108588
2 0.556946 0.239517 0.053345 0.117195
4 0.515320 0.353415 0.029663 0.039187
4 0.517212 0.404230 0.021973 0.043032
4 0.567810 0.392236 0.048462 0.045413
4 0.470886 0.480498 0.023315 0.043948
1 0.336182 0.849387 0.035400 0.054752
1 0.421936 0.840963 0.049927 0.049258
1 0.558167 0.851676 0.032837 0.039553
1 0.619141 0.827321 0.031006 0.061161
0 0.573975 0.525728 0.165283 0.688885
0 0.421265 0.538363 0.218262 0.677165
3 0.459656 0.563450 0.015259 0.073247
3 0.445374 0.559604 0.030151 0.077641
