2 0.149989 0.485259 0.095823 0.115247
2 0.280657 0.207117 0.083315 0.121799
2 0.558745 0.137880 0.064552 0.130435
2 0.544673 0.575640 0.090462 0.138773
2 0.804780 0.343061 0.088452 0.111971
4 0.258320 0.681507 0.064999 0.032460
4 0.285236 0.719327 0.041546 0.043776
4 0.364418 0.381477 0.047130 0.049434
4 0.366875 0.397558 0.030154 0.044074
4 0.487268 0.364205 0.024347 0.033353
4 0.510386 0.403216 0.062542 0.080405
4 0.684834 0.518612 0.052714 0.032460
4 0.677351 0.554199 0.053384 0.049434
0 0.275408 0.367481 0.223811 0.436569
0 0.548805 0.314473 0.220683 0.483621
0 0.742685 0.520399 0.287246 0.463669
0 0.197342 0.638177 0.257985 0.425849
0 0.572258 0.745533 0.241233 0.485110
1 0.621957 0.621203 0.046236 0.055390
1 0.289480 0.546754 0.019656 0.074449
