2 0.092333 0.258250 0.042000 0.045000
2 0.463167 0.369500 0.023000 0.028000
2 0.815333 0.290875 0.044000 0.037750
2 0.253000 0.365250 0.014667 0.019500
4 0.761667 0.386125 0.016667 0.020250
4 0.710167 0.424875 0.011667 0.008250
4 0.481500 0.400500 0.007667 0.012500
4 0.127500 0.332000 0.019667 0.017000
4 0.844500 0.377875 0.017000 0.023250
1 0.750167 0.465125 0.045667 0.014250
1 0.841833 0.470500 0.048333 0.013000
1 0.163500 0.479875 0.055000 0.023750
1 0.089500 0.482875 0.029667 0.017750
0 0.793167 0.363875 0.119667 0.208250
0 0.451500 0.391750 0.059667 0.070500
0 0.270667 0.377875 0.048667 0.042750
0 0.114167 0.358500 0.133667 0.248000
0 0.675333 0.397875 0.087333 0.065750
