2 0.627167 0.147875 0.248333 0.295250
2 0.548750 0.218750 0.101833 0.211500
2 0.400417 0.235500 0.144833 0.315000
2 0.195917 0.108375 0.229500 0.216250
4 0.167750 0.933875 0.149167 0.132250
4 0.377417 0.812375 0.121500 0.112250
4 0.425500 0.444125 0.085333 0.172250
4 0.589167 0.736125 0.064333 0.085750
4 0.623000 0.892125 0.067333 0.209750
4 0.786833 0.973500 0.155333 0.053000
0 0.385833 0.474625 0.352333 0.789250
0 0.163667 0.500125 0.327000 0.999750
0 0.608917 0.556375 0.260500 0.885250
0 0.734917 0.500125 0.530167 0.999750
