2 0.933947 0.605810 0.132105 0.355692
2 0.712959 0.219296 0.133207 0.197213
2 0.512124 0.439301 0.092111 0.193198
2 0.291450 0.456424 0.123760 0.248701
2 0.116911 0.329830 0.233821 0.444733
4 0.433869 0.706897 0.098410 0.119981
4 0.448748 0.823689 0.079358 0.099906
4 0.563848 0.735475 0.065501 0.081719
4 0.733034 0.591049 0.048339 0.064950
4 0.759093 0.717997 0.025508 0.078413
4 0.810660 0.911667 0.094631 0.106755
4 0.326641 0.958196 0.132735 0.083609
4 0.362620 0.939537 0.089750 0.120926
0 0.776256 0.446268 0.276177 0.665328
0 0.878523 0.716698 0.242954 0.566604
0 0.201701 0.559518 0.403401 0.877657
0 0.322469 0.623170 0.324673 0.576523
0 0.490631 0.566604 0.230515 0.451110
