2 0.301363 0.266434 0.054521 0.095120
2 0.424701 0.273033 0.077460 0.126743
2 0.500665 0.269173 0.066489 0.107570
2 0.777427 0.145294 0.121011 0.196464
4 0.403674 0.490538 0.031416 0.050299
4 0.378740 0.518675 0.037068 0.064243
4 0.269448 0.470867 0.044548 0.077689
4 0.330369 0.432769 0.027427 0.035359
4 0.386469 0.477216 0.017620 0.026145
4 0.673703 0.505229 0.043218 0.063745
1 0.679604 0.895418 0.130485 0.057271
1 0.465924 0.764193 0.040891 0.072709
1 0.414395 0.757221 0.040559 0.051793
1 0.369265 0.673431 0.073969 0.065488
1 0.329455 0.753984 0.072141 0.049801
0 0.478225 0.504607 0.199468 0.583914
0 0.762217 0.334288 0.327959 0.593875
0 0.383145 0.498506 0.198138 0.605578
0 0.325050 0.460159 0.153424 0.490040
