2 0.341704 0.506153 0.083375 0.153943
2 0.243512 0.465846 0.112674 0.221497
2 0.619454 0.331115 0.088398 0.169513
2 0.945672 0.477398 0.108656 0.211954
4 0.396786 0.820065 0.092416 0.071572
4 0.418299 0.814415 0.084547 0.065294
4 0.474468 0.766449 0.062280 0.051733
4 0.508287 0.750502 0.037167 0.048970
4 0.694877 0.824460 0.069814 0.063285
4 0.698728 0.780136 0.072158 0.054997
0 0.642056 0.517830 0.250795 0.546961
0 0.389252 0.609367 0.272560 0.370919
0 0.250963 0.660849 0.419890 0.610497
0 0.829315 0.688096 0.339360 0.623807
