2 0.444114 0.293115 0.049253 0.093092
2 0.534462 0.324565 0.056725 0.098353
2 0.835011 0.304437 0.098201 0.161482
2 0.256633 0.313129 0.085087 0.139524
4 0.427188 0.558669 0.063281 0.054209
4 0.308783 0.498056 0.046051 0.051464
4 0.441064 0.404048 0.043763 0.044602
4 0.420021 0.462717 0.042543 0.031107
4 0.560842 0.498971 0.034157 0.067475
4 0.693199 0.529163 0.061604 0.044602
4 0.801235 0.393184 0.051693 0.061757
1 0.296508 0.856587 0.099878 0.108875
1 0.412702 0.798147 0.094084 0.080284
1 0.532251 0.717406 0.027600 0.067475
1 0.599039 0.860133 0.106892 0.104986
1 0.614135 0.819648 0.091339 0.069305
0 0.205017 0.329712 0.020586 0.049634
2 0.206084 0.321249 0.012961 0.030878
0 0.529430 0.503774 0.106740 0.496112
0 0.425740 0.503317 0.120464 0.512123
0 0.737344 0.566102 0.382891 0.693962
0 0.295593 0.573307 0.373437 0.668573
