2 0.757214 0.366402 0.082714 0.191129
2 0.863500 0.351296 0.173857 0.228627
2 0.297286 0.388472 0.087714 0.173559
2 0.086286 0.449539 0.123714 0.212556
4 0.309214 0.724663 0.079571 0.062138
4 0.320643 0.685451 0.033000 0.022284
4 0.413571 0.637562 0.038000 0.055067
4 0.652071 0.419434 0.041571 0.070066
4 0.700857 0.663060 0.067143 0.066638
4 0.741214 0.634669 0.055286 0.035140
4 0.742786 0.715770 0.101000 0.128348
0 0.736571 0.457682 0.218000 0.361688
0 0.183857 0.658774 0.367714 0.619027
0 0.828786 0.587422 0.342429 0.689736
0 0.317000 0.492715 0.261143 0.397900
