2 0.209917 0.593375 0.016167 0.028250
2 0.320500 0.565875 0.016333 0.029750
2 0.460833 0.538500 0.016000 0.030500
2 0.624583 0.507125 0.019500 0.040750
2 0.817750 0.516875 0.022167 0.043250
4 0.229417 0.638250 0.009167 0.007500
4 0.227250 0.632750 0.006167 0.007000
4 0.319250 0.617500 0.009167 0.010000
4 0.349500 0.611875 0.006667 0.010250
4 0.470750 0.593000 0.007167 0.013500
4 0.463333 0.587250 0.008333 0.009000
4 0.614333 0.592250 0.008667 0.020500
4 0.654000 0.586375 0.008333 0.013750
4 0.767000 0.597750 0.012000 0.015500
4 0.815583 0.611250 0.013833 0.014000
0 0.214917 0.614375 0.038500 0.071250
0 0.325917 0.588500 0.054833 0.070000
0 0.454583 0.560625 0.040167 0.080250
0 0.619083 0.544500 0.080167 0.118000
0 0.806917 0.557125 0.091500 0.123750
