2 0.681017 0.410234 0.061170 0.104831
2 0.791971 0.421688 0.053690 0.096365
2 0.152593 0.412351 0.056516 0.066733
2 0.060173 0.398780 0.044215 0.064990
4 0.709691 0.590513 0.030751 0.039592
4 0.758228 0.608690 0.037733 0.028635
4 0.080452 0.537351 0.039561 0.046315
1 0.636220 0.814741 0.054023 0.045817
1 0.766207 0.808391 0.015791 0.057022
1 0.790226 0.814243 0.029920 0.066235
1 0.711519 0.812500 0.039062 0.058267
1 0.176779 0.675548 0.029754 0.058267
1 0.142204 0.677042 0.027427 0.032371
1 0.074801 0.705802 0.045878 0.033616
0 0.766539 0.603710 0.135140 0.477341
0 0.137384 0.537475 0.134807 0.339890
0 0.675864 0.595493 0.157912 0.489791
0 0.068567 0.541086 0.054688 0.359562
