2 0.290774 0.481808 0.061607 0.114063
2 0.127827 0.494978 0.114881 0.207813
2 0.627083 0.372545 0.030952 0.056250
2 0.885268 0.501786 0.119643 0.169196
4 0.578423 0.405357 0.012500 0.032589
4 0.593452 0.475335 0.020238 0.020759
4 0.829762 0.599665 0.055357 0.066741
4 0.698438 0.856808 0.052530 0.066741
4 0.349628 0.596205 0.034375 0.062054
4 0.365774 0.622098 0.033631 0.055357
4 0.260714 0.652567 0.056548 0.080580
0 0.619048 0.499888 0.101786 0.342634
0 0.799033 0.709040 0.401935 0.581920
0 0.144643 0.638393 0.288988 0.497321
0 0.304836 0.589397 0.156101 0.328795
