4 0.235323 0.657087 0.059879 0.061118
4 0.279891 0.710923 0.033938 0.036151
4 0.289643 0.691678 0.033548 0.064759
4 0.506437 0.718205 0.057148 0.053836
4 0.649405 0.726918 0.059489 0.065540
4 0.709772 0.728088 0.078408 0.064239
2 0.260581 0.313654 0.097913 0.170611
2 0.397406 0.434720 0.087185 0.158388
2 0.520285 0.365280 0.111371 0.189077
2 0.734348 0.408843 0.104154 0.190377
0 0.225375 0.478934 0.236981 0.500650
0 0.559684 0.506892 0.191730 0.475943
0 0.437780 0.530299 0.189780 0.347464
0 0.758533 0.548375 0.276575 0.473082
