2 0.513367 0.450860 0.029175 0.049597
2 0.578613 0.469894 0.026123 0.050695
2 0.621216 0.462939 0.031250 0.052526
2 0.702454 0.452599 0.026001 0.043558
3 0.523621 0.598371 0.012329 0.034956
3 0.557495 0.605783 0.013672 0.029649
3 0.600342 0.615849 0.009766 0.033675
4 0.644409 0.595992 0.012939 0.033492
4 0.663696 0.595534 0.010742 0.017936
4 0.736511 0.530381 0.006958 0.021230
1 0.526306 0.734718 0.034058 0.024707
1 0.504578 0.738561 0.012573 0.014458
1 0.570923 0.730509 0.012207 0.020681
1 0.561768 0.728038 0.004150 0.009517
1 0.616760 0.740849 0.031372 0.030015
1 0.631470 0.737646 0.030762 0.026537
1 0.661438 0.747346 0.018433 0.023243
1 0.706482 0.748536 0.018677 0.018668
0 0.512512 0.586750 0.060425 0.322108
0 0.574768 0.592149 0.060425 0.297767
0 0.623718 0.594894 0.053101 0.317899
0 0.696350 0.598463 0.089966 0.322840
