2 0.188727 0.415150 0.073961 0.049821
2 0.485208 0.429519 0.038001 0.033328
2 0.617955 0.426203 0.036215 0.030437
2 0.782836 0.439211 0.006886 0.006802
2 0.744325 0.454685 0.005356 0.005101
4 0.428972 0.544210 0.017343 0.026356
4 0.562739 0.538854 0.020658 0.021085
4 0.730171 0.426203 0.027544 0.018534
4 0.136190 0.583999 0.035705 0.036898
4 0.290615 0.561894 0.014027 0.033838
1 0.262943 0.811682 0.082632 0.033158
1 0.189365 0.770617 0.051773 0.051012
1 0.523081 0.649124 0.028564 0.036558
1 0.484953 0.655586 0.034430 0.025676
1 0.599719 0.601003 0.026779 0.038939
1 0.627136 0.612991 0.024484 0.011563
0 0.221245 0.607720 0.226218 0.440741
0 0.496429 0.538259 0.155828 0.267131
0 0.648814 0.515133 0.192808 0.215099
0 0.781943 0.452474 0.022443 0.036728
