2 0.161240 0.583058 0.072676 0.119868
2 0.306277 0.566895 0.048765 0.076215
2 0.496933 0.552619 0.044046 0.078339
2 0.707331 0.325625 0.092654 0.151015
4 0.191207 0.795422 0.059619 0.043417
4 0.194589 0.646413 0.040585 0.053563
4 0.348828 0.698679 0.027843 0.031619
4 0.358581 0.688414 0.010540 0.020057
4 0.499685 0.711892 0.035079 0.027843
4 0.479157 0.697971 0.017933 0.027843
4 0.855671 0.317249 0.036338 0.054507
0 0.504247 0.616800 0.101463 0.210005
0 0.184836 0.672015 0.105710 0.298726
0 0.305175 0.639807 0.117036 0.221567
0 0.749489 0.623525 0.282681 0.752950
