2 0.629861 0.415365 0.085764 0.136979
2 0.430469 0.633724 0.053993 0.087760
4 0.166146 0.603385 0.023264 0.048437
4 0.231250 0.647526 0.033333 0.042448
4 0.433247 0.782552 0.032118 0.056771
4 0.473872 0.677865 0.017535 0.032812
4 0.698611 0.683203 0.039583 0.041406
4 0.664497 0.567578 0.028993 0.034115
4 0.323698 0.260547 0.006076 0.011719
4 0.333767 0.240755 0.007465 0.015365
1 0.803212 0.848177 0.059549 0.054688
1 0.626389 0.665625 0.027778 0.040104
1 0.405469 0.744271 0.018924 0.044792
1 0.478125 0.755729 0.027778 0.051042
1 0.294097 0.777474 0.034028 0.036719
1 0.236198 0.704948 0.019618 0.024479
0 0.185243 0.573698 0.264236 0.448958
0 0.441493 0.642708 0.104514 0.313542
0 0.713368 0.610547 0.254167 0.522656
