2 0.186863 0.217000 0.118176 0.111600
2 0.416917 0.272000 0.099580 0.093600
2 0.842831 0.262200 0.098380 0.094000
4 0.395921 0.440000 0.052789 0.058400
4 0.287043 0.534400 0.043791 0.046400
4 0.485003 0.370600 0.055789 0.038000
4 0.705759 0.538600 0.040192 0.064400
4 0.972705 0.512800 0.049790 0.056000
1 0.434013 0.742400 0.066587 0.051200
1 0.176665 0.784200 0.104979 0.057200
1 0.080084 0.773400 0.068986 0.064400
1 0.774745 0.752000 0.076185 0.072800
1 0.842831 0.766800 0.073185 0.058400
0 0.831434 0.502800 0.337133 0.576800
0 0.428014 0.484400 0.313737 0.545600
0 0.200060 0.486400 0.400120 0.639200
