2 0.802004 0.550272 0.077056 0.130863
2 0.652384 0.327676 0.073255 0.128272
2 0.499309 0.252527 0.071527 0.145893
2 0.336386 0.280513 0.070836 0.150039
2 0.157999 0.526043 0.102108 0.154962
4 0.434001 0.514512 0.062198 0.064524
4 0.290688 0.523581 0.031963 0.039129
4 0.239375 0.784789 0.052004 0.062970
4 0.183397 0.877948 0.036455 0.060637
4 0.557187 0.461778 0.034900 0.039907
4 0.611869 0.518010 0.013649 0.042498
4 0.813925 0.633454 0.065308 0.090956
4 0.972011 0.906193 0.055978 0.083441
0 0.496372 0.554807 0.203179 0.778440
0 0.329129 0.576186 0.171735 0.751231
0 0.838545 0.714563 0.322909 0.442861
0 0.165169 0.710417 0.234278 0.509199
0 0.659554 0.602747 0.155321 0.681005
