2 0.992167 0.547875 0.015667 0.202750
2 0.123500 0.500500 0.149333 0.205500
2 0.334667 0.395000 0.110667 0.162500
2 0.456083 0.228750 0.082500 0.112500
2 0.662333 0.144500 0.076000 0.130000
4 0.797500 0.819750 0.081333 0.095000
4 0.776167 0.935375 0.079333 0.128250
4 0.408333 0.666000 0.097000 0.103000
4 0.309667 0.779250 0.074333 0.087000
4 0.450000 0.668250 0.034667 0.057500
4 0.482000 0.408250 0.037333 0.065000
4 0.518083 0.430625 0.026833 0.040250
4 0.840917 0.186875 0.038500 0.066750
0 0.354167 0.506500 0.225667 0.406500
0 0.228500 0.699250 0.456667 0.601500
0 0.464667 0.431250 0.134667 0.518500
0 0.723417 0.387750 0.274167 0.615500
0 0.853917 0.722125 0.292167 0.555750
