2 0.535069 0.422743 0.204398 0.354167
2 0.315162 0.374132 0.071065 0.097222
2 0.191435 0.387442 0.060648 0.096065
2 0.082176 0.385127 0.066667 0.109954
2 0.617824 0.351707 0.066204 0.161169
2 0.640741 0.265336 0.075926 0.094329
2 0.793634 0.368490 0.069676 0.120660
4 0.065394 0.630642 0.064120 0.073206
4 0.141667 0.628617 0.060185 0.082465
4 0.402315 0.851418 0.084722 0.124711
4 0.727315 0.853299 0.092593 0.108796
4 0.773843 0.653935 0.092130 0.134259
2 0.119444 0.479890 0.100463 0.174479
0 0.572454 0.622975 0.484722 0.754051
0 0.126042 0.697049 0.252083 0.605903
0 0.808681 0.411748 0.101157 0.211806
0 0.314120 0.461372 0.099537 0.274016
0 0.218519 0.469763 0.115741 0.263021
0 0.057986 0.431858 0.115972 0.209780
0 0.429745 0.466580 0.075694 0.160590
0 0.864120 0.681134 0.271759 0.568287
0 0.700579 0.364294 0.196528 0.297454
