2 0.084485 0.314589 0.166206 0.265354
2 0.210263 0.472402 0.114029 0.158072
2 0.600553 0.241772 0.071873 0.139933
2 0.811766 0.450894 0.120076 0.179321
2 0.928818 0.429775 0.142364 0.207567
4 0.523842 0.447266 0.053214 0.069448
4 0.831548 0.827676 0.108500 0.102099
4 0.967173 0.799689 0.052868 0.093807
4 0.719851 0.777015 0.034727 0.054677
4 0.639426 0.768204 0.055287 0.040166
4 0.326710 0.675693 0.048721 0.070225
4 0.312716 0.767686 0.054250 0.075408
4 0.309088 0.818347 0.067381 0.081368
4 0.330079 0.855144 0.088632 0.158590
0 0.760885 0.588883 0.297512 0.458409
0 0.590791 0.476160 0.190221 0.606116
0 0.227626 0.606893 0.248963 0.427054
0 0.888303 0.621664 0.223393 0.580461
0 0.186852 0.588883 0.373359 0.822234
