2 0.362835 0.459750 0.046128 0.069500
2 0.421901 0.463750 0.011626 0.017500
2 0.400713 0.463000 0.010501 0.014500
2 0.505344 0.453750 0.015376 0.025000
2 0.493906 0.459000 0.014626 0.024000
2 0.471123 0.445125 0.026064 0.045750
2 0.517064 0.479375 0.024564 0.042750
2 0.734108 0.383375 0.073880 0.102750
2 0.878774 0.445375 0.075942 0.091750
3 0.627320 0.779000 0.029064 0.083000
3 0.818114 0.770375 0.036377 0.074250
1 0.361898 0.816125 0.037127 0.028750
1 0.444028 0.685250 0.022126 0.037000
1 0.465310 0.701000 0.023439 0.028000
1 0.524189 0.694625 0.013313 0.030250
1 0.396962 0.552500 0.006750 0.015500
1 0.419651 0.550750 0.006000 0.015500
4 0.404463 0.568625 0.021376 0.025750
4 0.429871 0.576500 0.009563 0.011000
4 0.489874 0.592375 0.009938 0.014250
4 0.565160 0.523375 0.012751 0.015750
4 0.500188 0.466625 0.006938 0.009250
4 0.506563 0.465875 0.005063 0.008750
0 0.377086 0.627500 0.076505 0.407500
0 0.461091 0.569875 0.073130 0.294750
0 0.533658 0.584500 0.075380 0.252500
0 0.505438 0.456125 0.016689 0.029750
0 0.902213 0.699625 0.173073 0.600750
0 0.724920 0.666000 0.225764 0.668000
0 0.422464 0.508000 0.024752 0.108000
0 0.401556 0.506875 0.018564 0.103250
0 0.384212 0.506000 0.033377 0.103500
