2 0.693335 0.389764 0.059575 0.103047
2 0.531500 0.213797 0.044967 0.092092
2 0.327665 0.380863 0.061858 0.100308
4 0.392490 0.463026 0.035380 0.044163
4 0.458457 0.502396 0.020772 0.026361
4 0.582059 0.279699 0.027391 0.063677
4 0.655672 0.532694 0.049076 0.052037
4 0.629423 0.530811 0.020315 0.031838
0 0.320817 0.627867 0.191965 0.596371
0 0.527277 0.354502 0.158411 0.374187
0 0.680667 0.628723 0.203150 0.582335
1 0.608651 0.672886 0.058206 0.077713
1 0.659210 0.882403 0.057065 0.073605
1 0.585825 0.773023 0.013011 0.064362
1 0.383931 0.890277 0.064369 0.074290
1 0.337822 0.849195 0.033326 0.071551
