2 0.337383 0.372321 0.055719 0.092018
2 0.532278 0.388396 0.058174 0.113821
2 0.689617 0.378049 0.060137 0.117517
2 0.773073 0.489837 0.071429 0.112712
4 0.458763 0.549520 0.030928 0.060606
4 0.495459 0.496674 0.027737 0.039172
4 0.620643 0.507945 0.023319 0.036585
4 0.686917 0.445492 0.036082 0.048411
4 0.684217 0.652254 0.027246 0.042129
4 0.439740 0.519771 0.017919 0.046194
1 0.359843 0.735772 0.054001 0.050259
1 0.480118 0.700665 0.044183 0.038433
1 0.474840 0.660754 0.027737 0.066519
1 0.549583 0.682557 0.052037 0.077605
1 0.510309 0.691796 0.033382 0.062084
1 0.592415 0.714708 0.035101 0.079823
1 0.598675 0.686438 0.034855 0.068367
0 0.531910 0.524575 0.171821 0.390613
0 0.733432 0.600517 0.304860 0.335551
0 0.627025 0.516630 0.263868 0.404287
0 0.343643 0.542683 0.212077 0.429786
