4 0.841357 0.903092 0.008121 0.005226
4 0.894722 0.914307 0.005800 0.008493
4 0.946491 0.907230 0.005510 0.009146
2 0.917923 0.867705 0.013341 0.017204
2 0.827001 0.866725 0.015371 0.016551
2 0.910818 0.854639 0.010731 0.011106
2 0.959687 0.854747 0.012181 0.010453
2 0.994635 0.859647 0.010731 0.013284
1 0.825406 0.939895 0.019722 0.004791
1 0.848318 0.939242 0.013341 0.010453
1 0.913428 0.949913 0.010151 0.007840
1 0.925319 0.953724 0.012471 0.005880
0 0.835267 0.900588 0.041763 0.088197
0 0.920244 0.908645 0.056265 0.097779
0 0.963457 0.880989 0.027842 0.069469
0 0.990574 0.884800 0.018852 0.065767
