2 0.201380 0.340388 0.063664 0.117032
2 0.422623 0.335284 0.064328 0.143177
2 0.673537 0.351220 0.066157 0.132719
2 0.905668 0.410234 0.023438 0.032122
4 0.119681 0.699826 0.034574 0.050050
4 0.150349 0.630478 0.026762 0.055279
4 0.315409 0.564741 0.042387 0.102092
4 0.434840 0.584910 0.046210 0.104582
4 0.678275 0.591633 0.057015 0.082171
4 0.688414 0.559014 0.055352 0.056773
4 0.875000 0.532122 0.008976 0.030378
1 0.530336 0.777515 0.071642 0.104333
1 0.857796 0.767679 0.069315 0.066733
1 0.442071 0.769796 0.060339 0.094373
1 0.252410 0.754980 0.097906 0.061753
0 0.693567 0.558018 0.399102 0.547809
0 0.355801 0.540463 0.304688 0.553038
0 0.147108 0.562251 0.257979 0.561255
0 0.903258 0.499502 0.067154 0.210657
0 0.865858 0.545817 0.040226 0.125000
