4 0.759760 0.845569 0.132132 0.069674
4 0.617918 0.823278 0.098298 0.066204
4 0.550250 0.802456 0.085085 0.058195
4 0.314815 0.722504 0.067067 0.063801
4 0.333433 0.773091 0.102703 0.068873
4 0.231431 0.625868 0.046046 0.069140
4 0.291391 0.684463 0.076677 0.050187
2 0.272072 0.252403 0.106106 0.204218
2 0.415315 0.397491 0.123524 0.218366
2 0.542342 0.155766 0.139740 0.243193
2 0.925425 0.361052 0.149149 0.278964
0 0.298198 0.430860 0.231231 0.557928
0 0.428529 0.547384 0.292893 0.521356
0 0.607508 0.420849 0.327728 0.771757
0 0.784785 0.611586 0.430430 0.776829
