2 0.639353 0.270539 0.123003 0.117647
2 0.570606 0.307893 0.057599 0.096550
2 0.478632 0.298833 0.127090 0.119633
2 0.790970 0.286548 0.127462 0.105485
4 0.398365 0.574212 0.075065 0.041946
4 0.337793 0.578431 0.046080 0.027054
4 0.611854 0.542442 0.073207 0.036982
4 0.650316 0.513155 0.056485 0.018615
4 0.718878 0.592455 0.054627 0.076942
4 0.612783 0.521966 0.054998 0.027798
1 0.238759 0.841896 0.149015 0.074460
1 0.326830 0.810995 0.156447 0.072723
1 0.376440 0.774386 0.101078 0.074460
1 0.815682 0.941673 0.162022 0.064532
1 0.755667 0.913378 0.131178 0.050137
0 0.750465 0.592579 0.348941 0.768677
0 0.501672 0.535244 0.351542 0.554232
0 0.829431 0.359270 0.205871 0.256391
0 0.316425 0.558079 0.451505 0.639613
