2 0.548750 0.467125 0.047167 0.087250
2 0.347083 0.660250 0.056833 0.077500
2 0.619833 0.589000 0.052667 0.079500
4 0.483333 0.578000 0.025667 0.055500
4 0.538917 0.627875 0.029500 0.039250
4 0.528833 0.681625 0.026000 0.034750
4 0.348500 0.820000 0.022333 0.030500
3 0.364250 0.496000 0.018833 0.057500
3 0.509667 0.618125 0.029333 0.046250
0 0.513500 0.584750 0.165333 0.333500
0 0.345917 0.677625 0.124833 0.419250
0 0.587750 0.719250 0.135167 0.336500
1 0.344083 0.862125 0.028833 0.047750
1 0.395750 0.791375 0.025500 0.041250
1 0.476417 0.711125 0.027500 0.089250
1 0.446250 0.641875 0.025167 0.075750
1 0.566667 0.863000 0.056667 0.049000
1 0.586000 0.785000 0.055333 0.048500
