2 0.686235 0.425335 0.072768 0.110938
2 0.251711 0.300893 0.050149 0.087946
2 0.324926 0.418638 0.042411 0.073437
4 0.262500 0.513058 0.018452 0.032813
4 0.242411 0.506027 0.010714 0.010268
4 0.653051 0.638393 0.037649 0.038393
4 0.666890 0.642299 0.045387 0.051116
0 0.334524 0.568415 0.125298 0.373438
0 0.199554 0.524888 0.162202 0.535491
0 0.655804 0.671205 0.205357 0.604464
1 0.191295 0.764286 0.074851 0.055357
1 0.209077 0.738504 0.053571 0.040402
1 0.382961 0.733482 0.028423 0.043304
1 0.359970 0.737165 0.009821 0.025670
1 0.725521 0.922656 0.065625 0.097545
1 0.582812 0.893638 0.058482 0.068080
