2 0.297299 0.451474 0.035080 0.060519
2 0.400631 0.388204 0.052693 0.078345
2 0.131000 0.554027 0.021283 0.024428
2 0.043593 0.540273 0.015558 0.028169
2 0.669309 0.575594 0.012623 0.026629
4 0.493028 0.393266 0.019962 0.025968
4 0.471452 0.404820 0.024365 0.034111
4 0.324967 0.411092 0.016439 0.021127
4 0.096800 0.556448 0.015118 0.018706
4 0.105607 0.579005 0.009541 0.018926
4 0.033319 0.547755 0.005578 0.016285
4 0.043960 0.555238 0.007779 0.019366
0 0.042199 0.598041 0.043300 0.145907
0 0.127917 0.625220 0.077939 0.166813
0 0.280273 0.561510 0.114047 0.324604
0 0.388375 0.612786 0.228680 0.529269
0 0.670483 0.597711 0.043446 0.071743
0 0.727433 0.596391 0.028769 0.080106
