2 0.866309 0.454557 0.036133 0.045052
2 0.961133 0.410807 0.041406 0.050781
4 0.825684 0.544010 0.015820 0.033854
4 0.833203 0.510417 0.011719 0.013021
4 0.917285 0.469922 0.022852 0.029948
4 0.328418 0.710938 0.039258 0.053646
4 0.396191 0.517448 0.028711 0.039062
4 0.393457 0.489323 0.018164 0.023958
4 0.204199 0.329427 0.007617 0.011979
4 0.197754 0.336068 0.005664 0.009115
4 0.182715 0.355339 0.004492 0.007552
4 0.191406 0.358984 0.005078 0.010677
0 0.814258 0.501302 0.152344 0.171875
0 0.918359 0.457682 0.129687 0.151302
1 0.778906 0.580599 0.021875 0.022656
1 0.750488 0.579818 0.021680 0.026823
1 0.863867 0.492448 0.014844 0.023958
1 0.449707 0.567708 0.025195 0.030208
1 0.399902 0.560547 0.034570 0.020052
1 0.341113 0.806250 0.022852 0.035937
1 0.361426 0.754557 0.040820 0.044010
0 0.338574 0.607031 0.112695 0.418750
0 0.404883 0.457682 0.107813 0.272135
0 0.201758 0.325781 0.032422 0.079167
0 0.191602 0.354687 0.027734 0.029687
