4 0.240356 0.107764 0.020752 0.034975
4 0.533508 0.545962 0.016724 0.034975
4 0.568909 0.511628 0.023804 0.027101
4 0.811768 0.357718 0.011475 0.045962
4 0.747986 0.373650 0.018188 0.044497
4 0.619263 0.447079 0.018066 0.030214
4 0.602661 0.435268 0.010498 0.036990
4 0.576904 0.368156 0.013428 0.034609
4 0.275879 0.238967 0.020508 0.039187
2 0.791931 0.159037 0.041870 0.088812
2 0.624695 0.286761 0.027222 0.064823
2 0.233337 0.077458 0.030151 0.056766
2 0.500122 0.115547 0.005127 0.030031
0 0.252014 0.250320 0.099731 0.416041
0 0.604919 0.349478 0.106567 0.197217
0 0.777588 0.315418 0.092285 0.400476
1 0.943481 0.691540 0.035889 0.039004
1 0.487000 0.296741 0.016479 0.012269
3 0.665283 0.624062 0.025146 0.027101
3 0.375854 0.394525 0.032471 0.057316
0 0.408630 0.347739 0.097290 0.149423
0 0.466492 0.453855 0.150024 0.251785
0 0.643738 0.432247 0.173218 0.229445
0 0.761414 0.700330 0.257202 0.442593
