2 0.242749 0.507236 0.072710 0.154975
2 0.324363 0.468945 0.058141 0.120603
2 0.499056 0.491759 0.091596 0.121608
2 0.624309 0.488844 0.067989 0.141910
2 0.685013 0.457286 0.066100 0.138693
4 0.717051 0.480000 0.031971 0.084824
4 0.659247 0.822814 0.065830 0.025528
4 0.702347 0.809347 0.029273 0.032362
4 0.503103 0.672764 0.031431 0.047839
4 0.411709 0.765226 0.034534 0.049849
4 0.326319 0.745327 0.030757 0.075176
4 0.348712 0.761106 0.026170 0.046432
4 0.159045 0.769246 0.048563 0.056281
0 0.802509 0.647538 0.394982 0.501910
0 0.342034 0.597990 0.140969 0.390754
0 0.620464 0.611256 0.268582 0.390754
0 0.235937 0.641910 0.376905 0.428744
0 0.491501 0.621508 0.198435 0.376281
1 0.983070 0.823518 0.033859 0.070352
1 0.374545 0.785930 0.067044 0.036583
1 0.083907 0.828342 0.071496 0.063116
1 0.224201 0.809950 0.059355 0.052864
