2 0.573619 0.209558 0.103558 0.092803
2 0.785652 0.246124 0.088516 0.100671
2 0.271189 0.244156 0.091119 0.092108
4 0.558577 0.455219 0.064796 0.070354
4 0.353775 0.515043 0.046861 0.046054
4 0.403674 0.462856 0.035001 0.040731
4 0.683251 0.482874 0.070003 0.054386
4 0.871420 0.547674 0.043679 0.065494
4 0.149262 0.354316 0.057275 0.058320
0 0.248626 0.493289 0.255424 0.633881
0 0.512583 0.510761 0.295632 0.691044
0 0.779433 0.510183 0.268730 0.638972
1 0.209141 0.792062 0.065375 0.046054
1 0.291293 0.788938 0.080995 0.044897
1 0.484235 0.838579 0.072896 0.035408
1 0.597628 0.821685 0.106451 0.037723
1 0.707116 0.776903 0.089384 0.068966
1 0.770032 0.798658 0.057275 0.056931
