2 0.489278 0.334470 0.090498 0.102046
2 0.746311 0.544924 0.106040 0.091159
2 0.288707 0.621459 0.106040 0.078437
4 0.433504 0.514297 0.076136 0.036726
4 0.332087 0.505509 0.053905 0.032529
4 0.633189 0.703174 0.065119 0.025446
4 0.470490 0.734391 0.055676 0.044596
4 0.379008 0.689664 0.065119 0.039612
1 0.543085 0.844767 0.078103 0.073059
1 0.468227 0.826010 0.076333 0.028463
1 0.704505 0.915727 0.093252 0.055220
1 0.717785 0.884772 0.117450 0.046039
1 0.370057 0.969176 0.156600 0.060860
1 0.284183 0.956257 0.111155 0.057057
0 0.731753 0.718389 0.297265 0.450682
0 0.475900 0.485572 0.343104 0.406086
0 0.320677 0.791579 0.373402 0.416842
