2 0.069995 0.277734 0.106709 0.144216
2 0.420497 0.154319 0.078711 0.153328
2 0.510697 0.331418 0.091653 0.130349
2 0.716191 0.217314 0.072108 0.120048
2 0.827390 0.244057 0.103803 0.168780
4 0.142763 0.648177 0.049392 0.097464
4 0.590597 0.509707 0.059694 0.056656
4 0.657554 0.525753 0.065240 0.044374
4 0.669308 0.485737 0.031167 0.054675
1 0.163365 0.959390 0.050449 0.081220
1 0.357369 0.968106 0.082937 0.063788
1 0.383386 0.943740 0.078447 0.095880
1 0.602879 0.976823 0.090069 0.046355
1 0.714210 0.960777 0.021130 0.024564
1 0.740491 0.980388 0.071580 0.039223
0 0.103539 0.602813 0.206550 0.794374
0 0.710512 0.575475 0.194400 0.832409
0 0.366482 0.540016 0.183571 0.919968
0 0.530903 0.630943 0.205494 0.738114
0 0.812071 0.550119 0.334654 0.899762
