2 0.638503 0.432852 0.079609 0.082131
2 0.877331 0.441065 0.115123 0.103885
2 0.292542 0.401554 0.118674 0.094562
2 0.109648 0.441287 0.096774 0.124750
4 0.455164 0.582797 0.071619 0.032630
4 0.492305 0.565705 0.077834 0.034406
4 0.283664 0.620311 0.068955 0.041509
4 0.229062 0.633629 0.047943 0.045061
4 0.669725 0.598668 0.063332 0.031077
4 0.694288 0.576693 0.060373 0.031521
4 0.711157 0.516537 0.034922 0.052386
0 0.668837 0.481354 0.217816 0.180466
0 0.349216 0.476027 0.364013 0.258602
0 0.159219 0.536959 0.317846 0.316537
0 0.821693 0.555272 0.356614 0.334517
