2 0.097222 0.327440 0.110015 0.212993
2 0.320267 0.387198 0.114949 0.228344
2 0.235563 0.373081 0.068348 0.159539
2 0.500365 0.310855 0.120249 0.272478
2 0.894006 0.353481 0.092105 0.182840
2 0.744243 0.406113 0.071089 0.155428
4 0.214090 0.874041 0.052814 0.102248
0 0.114949 0.595669 0.229532 0.808662
0 0.266447 0.620888 0.230629 0.758224
0 0.499817 0.583059 0.419956 0.833882
0 0.872259 0.616091 0.255482 0.767818
0 0.729989 0.651042 0.125914 0.697917
0 0.233553 0.381579 0.090643 0.240132
0 0.631122 0.535910 0.161001 0.590461
