2 0.209000 0.353285 0.044400 0.093309
2 0.303800 0.372787 0.043600 0.083708
2 0.130900 0.394389 0.047000 0.088509
3 0.111200 0.651215 0.027200 0.042904
3 0.177600 0.550405 0.018400 0.050705
3 0.219400 0.527903 0.034800 0.033903
3 0.245600 0.498050 0.034000 0.043804
3 0.306900 0.520552 0.025000 0.043204
3 0.331400 0.525353 0.034000 0.032403
0 0.354100 0.531653 0.140200 0.405641
0 0.136300 0.599310 0.139400 0.502550
0 0.237600 0.511251 0.130800 0.412841
1 0.144100 0.828533 0.029800 0.041704
1 0.188300 0.726523 0.032600 0.032703
1 0.229400 0.682718 0.024400 0.067507
1 0.287900 0.668917 0.027000 0.069307
1 0.340700 0.682868 0.026200 0.041404
1 0.408600 0.709121 0.023200 0.045905
