2 0.320375 0.544083 0.037750 0.031833
2 0.479750 0.554750 0.016500 0.015833
2 0.709750 0.546083 0.032500 0.024833
4 0.670125 0.583917 0.012750 0.016167
3 0.354000 0.635417 0.023000 0.020167
3 0.269125 0.634333 0.020750 0.023667
3 0.457125 0.585750 0.008750 0.010833
3 0.511125 0.582583 0.007750 0.012500
0 0.482000 0.591833 0.066500 0.092000
1 0.493250 0.633917 0.011500 0.007167
1 0.476750 0.634417 0.011500 0.006167
1 0.695250 0.715417 0.040500 0.016500
1 0.722750 0.708250 0.015000 0.021500
1 0.308625 0.744500 0.022250 0.018333
1 0.330250 0.731583 0.017000 0.015833
0 0.698625 0.626000 0.070250 0.192333
0 0.309375 0.642417 0.111250 0.230167
