2 0.413857 0.446635 0.099714 0.175739
2 0.594143 0.190313 0.074571 0.161166
2 0.710571 0.092370 0.120000 0.180454
2 0.760571 0.375268 0.142286 0.250750
4 0.349286 0.553365 0.060286 0.066867
4 0.374429 0.548864 0.058571 0.087870
4 0.566286 0.719460 0.064000 0.075011
4 0.584714 0.287184 0.038571 0.060009
4 0.550429 0.407201 0.019714 0.062580
4 0.714571 0.863480 0.082857 0.039006
0 0.411429 0.543506 0.254286 0.362623
0 0.595286 0.469781 0.190000 0.708101
0 0.746000 0.181740 0.181714 0.363480
0 0.740857 0.616588 0.398286 0.766824
