2 0.572132 0.293541 0.079360 0.167705
2 0.054137 0.200115 0.107967 0.214302
2 0.073823 0.441407 0.147339 0.259516
4 0.499616 0.101153 0.048754 0.085121
4 0.625346 0.753287 0.031990 0.050980
4 0.735389 0.086736 0.043833 0.089965
4 0.783067 0.097578 0.030914 0.132872
4 0.126576 0.114648 0.046140 0.228835
4 0.312442 0.039908 0.027530 0.079354
4 0.372501 0.634025 0.033221 0.082353
4 0.742233 0.905421 0.049523 0.095502
0 0.553906 0.520531 0.213011 0.922030
0 0.715395 0.521223 0.219471 0.957555
0 0.171716 0.497578 0.343125 0.994694
0 0.896493 0.499539 0.207013 0.998616
