2 0.571250 0.367500 0.112500 0.119667
2 0.352625 0.105500 0.090250 0.102000
5 0.568875 0.387500 0.100750 0.063667
5 0.361625 0.123917 0.087750 0.056833
3 0.249250 0.277917 0.040500 0.034167
3 0.424625 0.309417 0.066250 0.041500
4 0.561625 0.593667 0.087250 0.040000
4 0.472500 0.652250 0.035500 0.046167
1 0.511125 0.892583 0.101750 0.069167
1 0.674250 0.921250 0.061000 0.087167
1 0.337625 0.549833 0.108750 0.040667
1 0.437500 0.561583 0.089500 0.049833
0 0.602375 0.636333 0.308750 0.658667
0 0.367875 0.318917 0.277750 0.535500
