2 0.178206 0.240229 0.061977 0.116974
2 0.386469 0.256002 0.046343 0.083752
2 0.501210 0.269542 0.048762 0.085706
2 0.759445 0.190396 0.072399 0.113345
4 0.214685 0.510748 0.028848 0.048297
4 0.213382 0.478224 0.022892 0.040759
4 0.499349 0.400475 0.022334 0.044389
4 0.547460 0.534059 0.020287 0.032384
4 0.717290 0.524846 0.027173 0.044668
1 0.811372 0.849386 0.084310 0.066164
1 0.739531 0.805137 0.056393 0.059185
0 0.507817 0.384143 0.109994 0.344500
0 0.397822 0.386516 0.109250 0.345338
0 0.179416 0.456868 0.101247 0.553043
0 0.777778 0.505863 0.151870 0.744835
