2 0.510121 0.584176 0.060724 0.119415
2 0.353072 0.645745 0.074396 0.140426
2 0.668324 0.527926 0.047585 0.082447
2 0.695401 0.481117 0.041016 0.089894
4 0.365412 0.890691 0.068537 0.068085
4 0.468661 0.809441 0.041016 0.051862
4 0.492987 0.748936 0.037820 0.046809
4 0.550692 0.818484 0.042081 0.055585
4 0.740501 0.676596 0.026811 0.028191
4 0.609464 0.528989 0.027876 0.038298
0 0.351651 0.745612 0.277521 0.356649
0 0.639027 0.493351 0.155185 0.115957
0 0.515891 0.685638 0.129794 0.321809
0 0.684393 0.601064 0.144709 0.227128
