2 0.473756 0.367325 0.068539 0.137491
2 0.786918 0.476162 0.126645 0.186612
2 0.339085 0.463159 0.113483 0.205875
2 0.332022 0.347700 0.083307 0.107392
4 0.538764 0.388033 0.043178 0.109559
4 0.568700 0.428245 0.062600 0.106670
4 0.558186 0.534313 0.033226 0.125692
4 0.489727 0.652661 0.043981 0.081628
4 0.400161 0.428726 0.018299 0.062846
4 0.672231 0.842764 0.068058 0.075608
4 0.422472 0.879485 0.066132 0.088370
1 0.455939 0.927041 0.044462 0.113171
1 0.498234 0.914399 0.063563 0.089815
1 0.403451 0.955333 0.030016 0.089333
0 0.369502 0.679027 0.453291 0.641946
0 0.471348 0.628341 0.176083 0.718276
0 0.320626 0.459668 0.178010 0.330364
0 0.739165 0.692271 0.391011 0.615459
