2 0.393519 0.440037 0.012108 0.018429
2 0.395032 0.425481 0.012286 0.016560
2 0.402155 0.459268 0.018697 0.035524
2 0.535078 0.459936 0.013177 0.024038
2 0.609063 0.449920 0.014423 0.026976
2 0.652956 0.424012 0.013889 0.027511
2 0.677528 0.438835 0.014957 0.022436
3 0.399929 0.559161 0.011040 0.017361
3 0.516738 0.499199 0.005698 0.014957
3 0.528846 0.506944 0.007479 0.013355
3 0.603989 0.504274 0.007123 0.013889
3 0.616364 0.500134 0.010506 0.011485
3 0.644053 0.453659 0.008191 0.015224
3 0.636841 0.500267 0.003739 0.013889
3 0.697472 0.528178 0.007479 0.013622
3 0.419516 0.531918 0.008191 0.018429
1 0.516916 0.567975 0.017094 0.009348
1 0.506588 0.562901 0.006766 0.005609
1 0.613782 0.558894 0.011040 0.012019
1 0.646902 0.553419 0.008191 0.010150
1 0.651264 0.570913 0.015848 0.017361
0 0.379184 0.478632 0.040064 0.097756
0 0.407407 0.528446 0.047721 0.173344
0 0.519676 0.509482 0.043981 0.126335
0 0.618145 0.499332 0.038640 0.133280
0 0.651709 0.494391 0.033476 0.170406
0 0.679309 0.510150 0.043447 0.164530
