2 0.103333 0.440060 0.154667 0.227772
2 0.232417 0.354770 0.102500 0.208042
2 0.667000 0.337163 0.078333 0.161838
2 0.903000 0.417832 0.129667 0.225275
4 0.215250 0.778971 0.057167 0.081918
4 0.416000 0.730769 0.032333 0.076424
4 0.437250 0.632617 0.025500 0.044955
4 0.358917 0.651224 0.051500 0.066683
4 0.788583 0.750125 0.071167 0.100649
4 0.791667 0.723526 0.084333 0.072927
4 0.672750 0.616009 0.075500 0.064186
4 0.584250 0.407468 0.058167 0.087662
0 0.216000 0.630370 0.431667 0.605894
0 0.678333 0.453172 0.281667 0.393357
0 0.873083 0.640485 0.248500 0.713037
0 0.300167 0.518981 0.296667 0.547453
