0 0.124086 0.881168 0.012427 0.039748
0 0.049068 0.835663 0.011513 0.029331
0 0.043220 0.859786 0.008955 0.024397
0 0.011879 0.830592 0.010599 0.030702
0 0.064784 0.775219 0.011513 0.016996
0 0.085800 0.763843 0.012244 0.035910
0 0.107365 0.763021 0.007858 0.035910
0 0.147661 0.763706 0.008406 0.037829
0 0.168220 0.719161 0.006031 0.022204
0 0.139163 0.723821 0.006762 0.024397
0 0.124543 0.722177 0.006762 0.018366
0 0.608918 0.869380 0.010965 0.025493
0 0.472131 0.789200 0.009320 0.019737
0 0.492050 0.797012 0.008224 0.029331
0 0.546327 0.736157 0.006031 0.024945
0 0.550256 0.736020 0.005117 0.025768
0 0.575018 0.732045 0.007127 0.009594
0 0.516539 0.722451 0.006031 0.025493
0 0.507858 0.726425 0.005848 0.012061
0 0.848958 0.828536 0.006762 0.027138
0 0.855446 0.832648 0.006944 0.016173
0 0.798428 0.844298 0.009503 0.025219
0 0.753015 0.843339 0.008224 0.029331
0 0.864492 0.724781 0.004934 0.023026
0 0.875457 0.724781 0.006396 0.026316
0 0.879295 0.728618 0.008955 0.027412
0 0.959613 0.646519 0.004386 0.016173
0 0.774397 0.663651 0.057566 0.053728
0 0.768458 0.730263 0.005482 0.026316
0 0.949836 0.660773 0.004934 0.016173
0 0.930007 0.644326 0.003289 0.011787
0 0.561952 0.718065 0.006213 0.021656
0 0.557566 0.705729 0.004386 0.015077
0 0.530793 0.705866 0.005300 0.015899
0 0.525402 0.706140 0.004751 0.015351
0 0.616411 0.708333 0.005482 0.010965
0 0.610837 0.708333 0.004569 0.009868
0 0.605080 0.709978 0.004751 0.010965
0 0.593476 0.728893 0.005665 0.029605
0 0.598776 0.728344 0.005665 0.026864
0 0.589730 0.727111 0.005117 0.022204
0 0.475329 0.700658 0.003289 0.007675
0 0.871162 0.927769 0.008406 0.054550
0 0.900219 0.823739 0.009137 0.011513
0 0.644920 0.870340 0.012061 0.023575
0 0.299068 0.926809 0.005665 0.037281
0 0.305099 0.918311 0.006396 0.020833
0 0.370340 0.891447 0.007127 0.038377
0 0.247350 0.755620 0.005665 0.033717
0 0.256762 0.757950 0.008406 0.031798
0 0.263889 0.741502 0.007310 0.030154
0 0.281433 0.757264 0.008406 0.034814
0 0.259320 0.711212 0.005848 0.022752
0 0.350146 0.706689 0.004751 0.018092
0 0.344481 0.711486 0.006213 0.010691
0 0.338907 0.713953 0.004569 0.012336
0 0.013980 0.708882 0.006031 0.018092
0 0.720121 0.872122 0.007493 0.012884
0 0.733553 0.867325 0.007675 0.018092
0 0.744518 0.869792 0.008041 0.007675
0 0.676992 0.874726 0.010417 0.014254
0 0.666484 0.726014 0.005848 0.022752
0 0.715917 0.716694 0.007127 0.021107
0 0.729624 0.720806 0.007127 0.020011
0 0.806835 0.699973 0.006213 0.019463
0 0.817343 0.732182 0.006762 0.025219
0 0.646930 0.702851 0.004751 0.019737
0 0.622716 0.730537 0.009686 0.012061
0 0.604624 0.729304 0.005665 0.015077
0 0.588816 0.702988 0.004386 0.012336
0 0.404423 0.722177 0.004386 0.011787
0 0.400037 0.722314 0.004020 0.010417
0 0.212902 0.721080 0.005848 0.023849
0 0.135143 0.698876 0.003472 0.011239
0 0.021382 0.776864 0.007310 0.016996
0 0.028143 0.713679 0.005848 0.013980
0 0.727613 0.642818 0.003838 0.012061
0 0.712902 0.694627 0.005482 0.011513
0 0.603162 0.586212 0.004203 0.015625
