2 0.390156 0.146215 0.146381 0.144741
2 0.909006 0.468663 0.181987 0.143655
2 0.283337 0.682982 0.163603 0.119299
4 0.387131 0.402032 0.108215 0.054763
4 0.546777 0.427164 0.075169 0.047006
4 0.718990 0.720214 0.092390 0.046385
4 0.637654 0.691049 0.067489 0.046696
4 0.550035 0.786845 0.069583 0.074465
4 0.365371 0.734099 0.086107 0.064226
1 0.785083 0.980763 0.094717 0.038473
1 0.711776 0.971921 0.064464 0.040025
0 0.371887 0.366274 0.424482 0.583307
0 0.324645 0.811976 0.520363 0.376047
0 0.800908 0.599907 0.398185 0.405213
