2 0.696354 0.484863 0.079167 0.151758
2 0.591732 0.482812 0.071484 0.152734
2 0.450651 0.466699 0.080208 0.164648
2 0.329818 0.486621 0.102865 0.164648
2 0.174414 0.468555 0.093099 0.173047
4 0.811523 0.880762 0.045443 0.112305
4 0.634310 0.886328 0.036068 0.081250
4 0.620768 0.887402 0.048307 0.073633
4 0.342578 0.904492 0.044531 0.077734
4 0.157357 0.753320 0.059505 0.058203
0 0.316992 0.694727 0.138411 0.603516
0 0.456250 0.688672 0.184115 0.610938
0 0.780013 0.699512 0.247266 0.574414
0 0.144857 0.683203 0.191016 0.612109
0 0.620182 0.703613 0.157813 0.592773
