2 0.564429 0.450810 0.017747 0.025463
2 0.710455 0.509838 0.021991 0.045139
2 0.332948 0.507234 0.025463 0.048032
4 0.668403 0.614294 0.011960 0.024884
4 0.744020 0.609375 0.008102 0.021991
4 0.574460 0.505787 0.006944 0.015046
4 0.555748 0.504340 0.006559 0.009838
4 0.370949 0.631366 0.009645 0.017361
1 0.690394 0.732928 0.024306 0.023727
1 0.701196 0.716146 0.018133 0.026042
1 0.363426 0.749711 0.022377 0.028356
1 0.332755 0.762153 0.017361 0.027778
0 0.561921 0.497975 0.036651 0.124421
0 0.344907 0.629051 0.071759 0.295139
0 0.703704 0.615451 0.087191 0.264468
