2 0.354083 0.838250 0.012500 0.029000
2 0.817833 0.458625 0.012000 0.022750
2 0.771167 0.444500 0.012667 0.018000
2 0.768750 0.476250 0.011167 0.017500
2 0.669333 0.463000 0.015000 0.019500
2 0.323000 0.202625 0.009667 0.016250
2 0.361417 0.195500 0.012833 0.022000
2 0.290917 0.262500 0.011833 0.018500
2 0.191167 0.120875 0.009333 0.020250
2 0.308417 0.061000 0.010500 0.018000
2 0.368167 0.045750 0.008667 0.020500
2 0.440167 0.074625 0.009000 0.019750
2 0.542833 0.125375 0.010000 0.014250
2 0.819583 0.171625 0.010167 0.014250
1 0.352750 0.951625 0.011167 0.018750
1 0.372750 0.959125 0.008167 0.020250
1 0.669333 0.563125 0.013333 0.012750
1 0.737917 0.566625 0.006833 0.010750
1 0.369333 0.133250 0.010333 0.010500
1 0.378750 0.136375 0.008500 0.011250
1 0.438000 0.161125 0.011333 0.009750
1 0.446250 0.161625 0.006500 0.009250
1 0.362000 0.285625 0.008333 0.009750
1 0.367250 0.294875 0.012833 0.009750
3 0.355917 0.910500 0.006833 0.013000
3 0.338417 0.896625 0.006833 0.009750
3 0.191667 0.171500 0.005333 0.009500
3 0.209167 0.165750 0.004000 0.010000
3 0.284917 0.293625 0.005500 0.008250
3 0.361167 0.251375 0.005667 0.009750
3 0.317750 0.098500 0.004833 0.017000
4 0.317500 0.097125 0.004333 0.008750
3 0.359917 0.091750 0.004167 0.009500
3 0.381083 0.093000 0.003500 0.009500
3 0.436667 0.121250 0.006000 0.010500
3 0.545750 0.165375 0.004500 0.006250
3 0.560917 0.017250 0.005167 0.009500
3 0.686667 0.468000 0.004333 0.007000
3 0.680417 0.499375 0.005833 0.009750
4 0.809833 0.478125 0.007000 0.006250
4 0.809750 0.483625 0.005167 0.005750
1 0.551583 0.057625 0.005167 0.007750
1 0.560250 0.052875 0.008167 0.007750
0 0.356417 0.894875 0.042167 0.149750
0 0.673917 0.510875 0.029833 0.115750
0 0.754333 0.520250 0.040000 0.107500
0 0.768750 0.474750 0.019833 0.086000
0 0.818500 0.482875 0.023333 0.073750
0 0.273917 0.279875 0.046167 0.073750
0 0.322417 0.253125 0.032833 0.115750
0 0.364167 0.241500 0.020333 0.116000
0 0.553000 0.159500 0.030667 0.087000
0 0.441667 0.114250 0.019000 0.103500
0 0.451000 0.031375 0.018333 0.062750
0 0.554750 0.031375 0.018500 0.062750
0 0.370583 0.087625 0.025167 0.108750
0 0.310667 0.098875 0.019667 0.099250
0 0.197583 0.160625 0.027833 0.103250
0 0.817250 0.193750 0.035833 0.064000
