2 0.571994 0.402149 0.034331 0.041855
2 0.436557 0.645362 0.021253 0.033560
2 0.511004 0.721342 0.021756 0.024887
2 0.572812 0.663933 0.023139 0.022436
2 0.682721 0.647719 0.033954 0.040535
2 0.868587 0.652055 0.029930 0.049962
4 0.850855 0.801659 0.011821 0.033560
3 0.576144 0.457296 0.009935 0.018288
1 0.506099 0.817025 0.020749 0.010747
1 0.557973 0.817968 0.012324 0.018288
1 0.422912 0.806750 0.013833 0.011689
1 0.563003 0.566082 0.015845 0.013009
1 0.530558 0.568627 0.012324 0.015083
1 0.689889 0.837575 0.015845 0.012255
1 0.609029 0.821078 0.016097 0.013198
1 0.860915 0.920155 0.026157 0.026207
4 0.688317 0.740196 0.009935 0.024887
4 0.672535 0.735577 0.004779 0.022813
4 0.432533 0.725679 0.008677 0.014706
0 0.863179 0.776395 0.041751 0.308824
0 0.684608 0.736331 0.038229 0.221908
0 0.582558 0.738028 0.058727 0.177413
0 0.511569 0.764800 0.051056 0.117081
0 0.425679 0.720777 0.045775 0.186275
0 0.555018 0.480392 0.071051 0.193439
