2 0.126016 0.406441 0.021850 0.039253
2 0.538237 0.472752 0.021596 0.046875
2 0.720910 0.549162 0.020071 0.041159
2 0.626397 0.558117 0.029726 0.045351
3 0.526296 0.568026 0.007368 0.020198
3 0.652820 0.606326 0.028201 0.044207
5 0.635798 0.563072 0.045986 0.054497
1 0.035061 0.566883 0.009146 0.011814
1 0.144309 0.644245 0.016260 0.010290
1 0.716972 0.687881 0.018293 0.046494
0 0.666667 0.585556 0.113313 0.165015
0 0.542048 0.550877 0.043953 0.203887
0 0.122078 0.517530 0.061230 0.266768
0 0.038237 0.547066 0.027693 0.054497
