2 0.775349 0.211280 0.135472 0.237799
2 0.386553 0.268675 0.096576 0.177291
2 0.276679 0.240040 0.083278 0.135956
2 0.159491 0.318850 0.101230 0.151145
4 0.633561 0.650025 0.090924 0.110309
4 0.648936 0.576818 0.082779 0.072958
4 0.326463 0.546439 0.038564 0.051046
4 0.355303 0.567480 0.029754 0.049303
4 0.272523 0.647410 0.045711 0.100598
4 0.309176 0.657744 0.065160 0.096863
4 0.262799 0.562251 0.056516 0.082669
1 0.284076 0.946215 0.055186 0.105578
1 0.256732 0.747634 0.049368 0.129233
0 0.184924 0.616160 0.212267 0.751245
0 0.742520 0.544447 0.291223 0.911106
0 0.391207 0.586778 0.196975 0.818476
0 0.283826 0.577316 0.169714 0.845369
