2 0.754477 0.488927 0.048844 0.040816
2 0.631390 0.464177 0.050798 0.046895
2 0.517258 0.474056 0.055682 0.044941
2 0.372517 0.502063 0.062520 0.054060
2 0.282481 0.485997 0.044611 0.046244
4 0.531586 0.576314 0.047867 0.024967
4 0.374471 0.590534 0.037121 0.025619
4 0.721589 0.633521 0.028004 0.030395
4 0.803484 0.637321 0.012048 0.027139
1 0.800554 0.753908 0.033540 0.032783
1 0.727125 0.741316 0.026701 0.034086
1 0.654510 0.753908 0.028004 0.035389
1 0.634810 0.771494 0.028330 0.026704
1 0.538098 0.770842 0.030283 0.047547
1 0.521491 0.805254 0.029632 0.041251
1 0.376425 0.780504 0.028655 0.025619
1 0.325138 0.744247 0.043308 0.028224
1 0.231846 0.756947 0.054705 0.024533
0 0.277597 0.614850 0.150114 0.307859
0 0.636600 0.615067 0.134158 0.358228
0 0.526864 0.648719 0.158255 0.378637
0 0.372354 0.634281 0.121459 0.332827
0 0.756757 0.614416 0.113969 0.304386
