2 0.726466 0.484954 0.022377 0.041667
2 0.300669 0.531829 0.024691 0.032022
2 0.159336 0.082562 0.022891 0.046296
2 0.137603 0.085069 0.018004 0.025849
2 0.142104 0.079282 0.015689 0.027392
4 0.721579 0.556134 0.013632 0.028164
4 0.179655 0.133488 0.012603 0.016975
4 0.159594 0.106867 0.008488 0.013889
1 0.290381 0.774306 0.024691 0.044753
1 0.320988 0.762153 0.014403 0.020448
0 0.161651 0.115548 0.046553 0.112269
0 0.148663 0.115162 0.048354 0.088349
0 0.131944 0.120563 0.024177 0.092978
0 0.152521 0.091049 0.022119 0.046296
0 0.715921 0.544174 0.053755 0.158565
0 0.303112 0.655285 0.082562 0.281250
