2 0.009500 0.147500 0.019000 0.029000
2 0.469500 0.227875 0.017000 0.018750
2 0.253417 0.755125 0.019833 0.035250
2 0.427333 0.689500 0.020333 0.031000
2 0.407833 0.751875 0.017333 0.032250
2 0.401250 0.649000 0.014833 0.032000
2 0.495250 0.715250 0.021500 0.034000
1 0.034833 0.299125 0.010333 0.023750
1 0.247750 0.926375 0.020500 0.021250
1 0.381750 0.920500 0.018500 0.018000
3 0.262667 0.826000 0.011000 0.015000
3 0.279083 0.725750 0.005500 0.009500
3 0.275750 0.741625 0.009167 0.012750
3 0.360500 0.772750 0.011333 0.016000
4 0.461000 0.705125 0.010000 0.018250
0 0.486417 0.753750 0.061167 0.118000
0 0.390083 0.831875 0.070833 0.199250
0 0.429000 0.765625 0.033333 0.187250
0 0.404583 0.675375 0.021833 0.093250
0 0.250000 0.836125 0.036667 0.202750
0 0.274083 0.755500 0.026167 0.173000
0 0.020250 0.223000 0.040500 0.180000
0 0.467667 0.262750 0.051000 0.096000
