2 0.334774 0.349726 0.063830 0.138695
2 0.590675 0.114168 0.040725 0.080428
2 0.808178 0.383591 0.081117 0.137699
4 0.435422 0.582420 0.033078 0.050299
4 0.374086 0.601967 0.053025 0.052042
4 0.709441 0.628984 0.059508 0.044323
4 0.660406 0.585906 0.047207 0.044323
4 0.594166 0.154880 0.023105 0.052291
4 0.542553 0.351843 0.015957 0.031375
1 0.338514 0.820717 0.046376 0.065737
1 0.373753 0.785981 0.063996 0.063994
1 0.602061 0.568850 0.029255 0.056524
1 0.562749 0.573581 0.031416 0.052042
1 0.715259 0.878486 0.065492 0.048307
1 0.636220 0.885832 0.099900 0.047560
0 0.331366 0.564492 0.240858 0.578187
0 0.579704 0.337649 0.090259 0.525398
0 0.764378 0.612301 0.356217 0.595120
