2 0.720987 0.325032 0.039550 0.065396
2 0.586172 0.422694 0.041859 0.068428
2 0.206409 0.688393 0.035797 0.071460
2 0.380485 0.492854 0.035797 0.071026
4 0.691109 0.493071 0.012125 0.040277
4 0.055139 0.623647 0.021363 0.037246
3 0.594688 0.561065 0.027136 0.039411
3 0.443562 0.719359 0.018187 0.029450
3 0.415416 0.715894 0.015012 0.031182
3 0.419024 0.669554 0.012991 0.044175
3 0.334151 0.657861 0.014723 0.047640
3 0.239607 0.796882 0.019630 0.026851
3 0.243360 0.822867 0.017321 0.036379
1 0.730081 0.674751 0.043303 0.031182
1 0.665560 0.697488 0.023961 0.017757
1 0.611432 0.722174 0.026559 0.020355
1 0.403291 0.781724 0.021940 0.055435
1 0.363164 0.799264 0.017321 0.050671
1 0.488308 0.775444 0.032621 0.021221
1 0.063366 0.829147 0.039550 0.031615
1 0.020930 0.824166 0.030889 0.043309
0 0.051097 0.645734 0.080254 0.427025
0 0.243938 0.754439 0.124134 0.197488
0 0.386692 0.641187 0.079965 0.377220
0 0.735133 0.485708 0.089203 0.392811
0 0.627165 0.537895 0.140589 0.334344
0 0.505196 0.506280 0.099307 0.210481
0 0.453522 0.652663 0.081986 0.278042
