2 0.266296 0.207222 0.054074 0.114444
2 0.362407 0.222222 0.061111 0.121111
2 0.453704 0.151944 0.057778 0.113889
2 0.530370 0.214444 0.060741 0.114444
2 0.655370 0.194722 0.057407 0.117222
2 0.724444 0.214722 0.061481 0.113889
4 0.216667 0.451944 0.042222 0.056111
1 0.189074 0.922222 0.041852 0.036667
1 0.317963 0.952500 0.036667 0.033889
1 0.416667 0.950278 0.040000 0.033889
1 0.475741 0.957222 0.047037 0.033333
1 0.527037 0.903056 0.035556 0.038333
1 0.592963 0.952500 0.053333 0.037222
1 0.681296 0.945833 0.069259 0.038333
1 0.775741 0.952500 0.050000 0.036111
0 0.240000 0.544167 0.178519 0.793889
0 0.357593 0.561667 0.155926 0.810000
0 0.451667 0.492222 0.112963 0.797778
0 0.539630 0.561667 0.203704 0.824444
0 0.640741 0.521111 0.119259 0.776667
0 0.732407 0.564722 0.181111 0.813889
