4 0.205226 0.449872 0.048582 0.028363
4 0.174107 0.461591 0.033088 0.028954
4 0.253676 0.543037 0.028887 0.042939
4 0.413340 0.542840 0.032038 0.042939
4 0.502363 0.458243 0.046218 0.030924
4 0.531513 0.474394 0.045168 0.030530
4 0.741203 0.482568 0.050683 0.025606
4 0.675289 0.523833 0.038603 0.024227
2 0.186318 0.290821 0.078519 0.083711
2 0.337054 0.297617 0.077994 0.076817
2 0.547663 0.310026 0.078519 0.076029
2 0.733325 0.337601 0.082195 0.075635
1 0.155331 0.769647 0.041229 0.052196
1 0.187763 0.744337 0.047269 0.068150
1 0.303703 0.763344 0.072216 0.040378
1 0.376050 0.760685 0.061450 0.046878
1 0.528099 0.761572 0.045693 0.043136
1 0.756828 0.751920 0.046744 0.038802
1 0.704832 0.765511 0.042017 0.037621
0 0.154674 0.521765 0.200630 0.547961
0 0.340599 0.522060 0.198529 0.527280
0 0.534139 0.525704 0.198529 0.511720
0 0.744354 0.542643 0.203519 0.484538
0 0.941308 0.537916 0.113708 0.499902
1 0.929491 0.755860 0.074842 0.067560
