2 0.736619 0.358566 0.055352 0.108068
2 0.832862 0.443974 0.069980 0.145916
2 0.668467 0.427664 0.074634 0.132719
2 0.606300 0.431275 0.057347 0.100100
2 0.480967 0.382844 0.049036 0.085408
2 0.388298 0.403013 0.040891 0.085408
2 0.381815 0.344124 0.029588 0.043825
2 0.350150 0.371514 0.047706 0.083167
2 0.325216 0.358566 0.021443 0.059263
2 0.252992 0.387948 0.044880 0.085657
2 0.120263 0.367903 0.030086 0.078934
4 0.860206 0.623132 0.042886 0.067480
4 0.790226 0.710159 0.038564 0.062749
4 0.757397 0.835657 0.025432 0.052291
4 0.296792 0.374502 0.022440 0.030876
0 0.841340 0.681399 0.205951 0.630229
0 0.743102 0.425050 0.092254 0.241036
0 0.674119 0.683889 0.199967 0.632221
0 0.580951 0.679781 0.107380 0.637450
0 0.504904 0.448456 0.099235 0.218625
0 0.327876 0.406624 0.115858 0.168327
0 0.239195 0.427415 0.074468 0.173556
0 0.391124 0.412226 0.049867 0.120767
