0 0.676029 0.574602 0.295884 0.344049
0 0.421879 0.600531 0.297476 0.368006
0 0.265977 0.741547 0.526950 0.493859
0 0.877530 0.574223 0.244940 0.322062
2 0.466796 0.476725 0.138049 0.121001
2 0.688424 0.449659 0.109165 0.094466
2 0.849443 0.464064 0.095520 0.100227
2 0.256197 0.567248 0.149875 0.143745
4 0.463384 0.695679 0.083466 0.052161
4 0.534796 0.683321 0.057994 0.036240
4 0.588924 0.716528 0.053900 0.058984
4 0.475438 0.798560 0.099841 0.053222
4 0.816579 0.631994 0.045258 0.040637
4 0.902320 0.662547 0.063907 0.041698
4 0.961337 0.862851 0.077325 0.062320
