2 0.282115 0.473596 0.052107 0.079083
2 0.371453 0.443715 0.041960 0.088357
2 0.546518 0.319809 0.050559 0.083720
2 0.663199 0.465997 0.055202 0.093766
4 0.475236 0.475528 0.018057 0.028336
4 0.414187 0.585265 0.019089 0.019578
4 0.297420 0.583849 0.030439 0.022926
4 0.328805 0.598403 0.012382 0.027306
4 0.595873 0.597630 0.020980 0.031427
4 0.670593 0.506054 0.033190 0.063627
1 0.530267 0.754122 0.051419 0.032200
1 0.610060 0.750386 0.031814 0.030397
1 0.441015 0.811824 0.036973 0.068264
1 0.423646 0.814786 0.030439 0.064915
1 0.345228 0.817877 0.061049 0.052550
1 0.323646 0.846600 0.063972 0.033745
1 0.632502 0.835008 0.052623 0.046110
1 0.655890 0.842221 0.024764 0.046625
0 0.665606 0.635111 0.157008 0.443843
0 0.546088 0.519578 0.159415 0.489954
0 0.290800 0.650180 0.172657 0.430191
0 0.391660 0.625064 0.139811 0.444359
