2 0.366739 0.639009 0.020833 0.038075
2 0.415230 0.394037 0.017720 0.035201
2 0.469468 0.126437 0.019397 0.034483
2 0.712524 0.640625 0.025144 0.039871
2 0.720426 0.366379 0.022270 0.045259
2 0.750479 0.060165 0.020594 0.042744
4 0.749401 0.176365 0.009818 0.023707
3 0.407208 0.651940 0.012692 0.025144
3 0.386255 0.639368 0.014368 0.018678
3 0.449593 0.434088 0.011255 0.017601
3 0.434028 0.414152 0.014128 0.012213
3 0.485752 0.146013 0.013170 0.012572
3 0.506466 0.202047 0.012452 0.019756
1 0.359914 0.840158 0.018678 0.036638
1 0.348300 0.841236 0.012692 0.034483
1 0.448396 0.300647 0.011734 0.039511
1 0.462883 0.303520 0.018199 0.041667
1 0.413434 0.571300 0.017960 0.016164
1 0.399306 0.572378 0.009339 0.016882
1 0.726772 0.551724 0.015326 0.043822
1 0.708693 0.552443 0.020354 0.045977
1 0.666068 0.872126 0.013170 0.022270
1 0.720426 0.886315 0.014128 0.011135
1 0.769277 0.250539 0.016044 0.034842
1 0.757543 0.253951 0.011255 0.033046
0 0.700790 0.752694 0.086446 0.275503
0 0.725814 0.459950 0.058908 0.238147
0 0.767840 0.149964 0.061063 0.240302
0 0.477850 0.212644 0.071121 0.224138
0 0.424090 0.477011 0.064655 0.206897
0 0.380148 0.738506 0.072079 0.243534
