2 0.221900 0.356010 0.070423 0.062316
2 0.439796 0.360527 0.062138 0.062869
2 0.610881 0.355826 0.059652 0.067478
2 0.794670 0.352323 0.062138 0.065265
4 0.255040 0.402010 0.034521 0.031895
4 0.570423 0.447917 0.033969 0.031527
4 0.661696 0.432246 0.038111 0.031527
4 0.691384 0.455383 0.028445 0.023599
4 0.776443 0.457872 0.043911 0.020096
1 0.366197 0.584440 0.045844 0.064159
1 0.412179 0.583149 0.031207 0.052360
1 0.580226 0.616519 0.041977 0.042404
1 0.618337 0.616243 0.040873 0.048488
1 0.908589 0.600018 0.026512 0.064344
1 0.884010 0.627028 0.040320 0.041298
1 0.225490 0.642146 0.095830 0.025811
0 0.403756 0.472898 0.180061 0.288348
0 0.790389 0.478982 0.293289 0.319690
0 0.623999 0.475756 0.162662 0.313237
0 0.191107 0.490505 0.228114 0.330937
