2 0.348642 0.489903 0.009618 0.015507
2 0.379538 0.487739 0.013705 0.027047
2 0.390599 0.474035 0.018514 0.022719
2 0.687665 0.468626 0.016831 0.032095
2 0.715557 0.468806 0.007213 0.028850
2 0.564198 0.478002 0.011301 0.021998
2 0.546165 0.476740 0.017552 0.023080
4 0.847920 0.445546 0.005530 0.014785
4 0.830729 0.522899 0.022121 0.021637
4 0.808367 0.615759 0.010579 0.026325
4 0.707742 0.566715 0.007935 0.017670
4 0.684299 0.488280 0.012022 0.025965
4 0.350926 0.531013 0.004088 0.007573
1 0.853691 0.779300 0.023323 0.025965
1 0.835057 0.775334 0.027410 0.025243
1 0.712190 0.666607 0.011541 0.013343
1 0.551695 0.621349 0.011782 0.008655
1 0.563837 0.623332 0.010579 0.007573
1 0.396009 0.617382 0.017793 0.007212
1 0.342270 0.573386 0.010820 0.008655
1 0.350685 0.571042 0.009858 0.009737
3 0.547608 0.520195 0.010820 0.014785
3 0.384347 0.559502 0.006492 0.013343
0 0.845516 0.604760 0.083914 0.378651
0 0.691272 0.547782 0.040394 0.191850
0 0.393364 0.541832 0.023563 0.161918
0 0.380981 0.549044 0.027651 0.153985
0 0.554580 0.546159 0.030536 0.161197
0 0.537870 0.542914 0.033662 0.155427
0 0.346357 0.529210 0.019957 0.098449
0 0.345516 0.467544 0.009137 0.024162
