2 0.348389 0.214265 0.063965 0.113715
2 0.506022 0.399161 0.073568 0.120660
2 0.682292 0.424190 0.055664 0.116898
2 0.794759 0.335938 0.092122 0.178241
4 0.212158 0.158565 0.027832 0.061343
4 0.320394 0.463831 0.049316 0.056134
4 0.465169 0.623409 0.029948 0.040799
4 0.561768 0.615162 0.036621 0.037037
1 0.334229 0.957755 0.027832 0.084491
1 0.314616 0.959491 0.027344 0.068866
1 0.532552 0.969763 0.047526 0.060475
0 0.299886 0.560185 0.199707 0.865741
0 0.672770 0.488571 0.111491 0.245081
0 0.505208 0.668547 0.174805 0.662905
0 0.782145 0.620660 0.269694 0.752315
