2 0.176862 0.452316 0.146609 0.238297
2 0.360705 0.338272 0.141290 0.206424
2 0.548953 0.373381 0.086935 0.163596
2 0.841589 0.328312 0.125332 0.165588
4 0.873587 0.726345 0.091589 0.075199
4 0.687832 0.687002 0.048870 0.062749
4 0.737035 0.494646 0.042886 0.112301
4 0.578541 0.735433 0.045047 0.057022
4 0.522274 0.766185 0.079787 0.088645
0 0.588597 0.643800 0.299867 0.705428
0 0.403590 0.619646 0.310505 0.760707
0 0.168135 0.666086 0.327626 0.667829
0 0.769033 0.620767 0.461935 0.752988
1 0.603391 0.962525 0.125997 0.070966
