2 0.636105 0.562678 0.052421 0.105463
2 0.829158 0.548942 0.085684 0.113988
2 0.171053 0.553994 0.089895 0.112725
2 0.274632 0.535838 0.054105 0.077676
4 0.231684 0.398958 0.026316 0.106410
4 0.341368 0.790969 0.066737 0.061888
4 0.342526 0.822703 0.064421 0.029997
4 0.489684 0.511051 0.036211 0.079255
4 0.497368 0.393432 0.025895 0.044206
4 0.458526 0.353015 0.027368 0.027787
4 0.675158 0.575939 0.038737 0.084623
4 0.746000 0.584465 0.062526 0.073887
4 0.710842 0.404010 0.035579 0.064730
0 0.218526 0.744237 0.320000 0.511525
0 0.804947 0.630723 0.226316 0.516261
0 0.285579 0.570414 0.184211 0.445532
0 0.603158 0.635459 0.262316 0.333123
0 0.453474 0.521787 0.131368 0.373540
