2 0.427151 0.598968 0.063743 0.166992
2 0.566623 0.533454 0.060584 0.130192
2 0.692808 0.527181 0.048690 0.111514
2 0.723564 0.600920 0.065973 0.145247
2 0.250046 0.460970 0.046646 0.112350
2 0.285542 0.614162 0.099052 0.163368
2 0.526296 0.813772 0.152760 0.210761
2 0.917023 0.218567 0.031407 0.098690
2 0.708883 0.121550 0.042557 0.104265
2 0.541256 0.189852 0.059654 0.132144
2 0.412934 0.165319 0.044601 0.092556
2 0.344639 0.183440 0.053707 0.090326
2 0.276436 0.200864 0.043672 0.072763
2 0.036517 0.324645 0.041442 0.072205
4 0.647277 0.802481 0.032708 0.043212
4 0.662516 0.838863 0.020442 0.046836
4 0.298272 0.692640 0.036053 0.050460
4 0.673574 0.400753 0.027690 0.044884
4 0.745586 0.320881 0.020442 0.034012
4 0.550827 0.300390 0.012637 0.030388
4 0.514403 0.269585 0.026761 0.061890
4 0.391191 0.343602 0.026017 0.034848
4 0.442483 0.359074 0.027504 0.039030
4 0.330701 0.287427 0.027690 0.042933
4 0.268445 0.340256 0.022115 0.030388
1 0.116242 0.666574 0.034752 0.054084
1 0.165211 0.580987 0.036424 0.035127
1 0.064300 0.733621 0.042371 0.079454
1 0.027597 0.765682 0.045531 0.056593
1 0.032057 0.937970 0.064114 0.084472
1 0.008920 0.902425 0.017841 0.046836
1 0.356811 0.650265 0.013009 0.035963
4 0.341293 0.653053 0.019513 0.037078
0 0.898253 0.292584 0.063371 0.220519
0 0.339249 0.360329 0.089017 0.430722
0 0.420833 0.679537 0.142167 0.307499
0 0.567181 0.656537 0.153503 0.362977
0 0.224401 0.543490 0.110946 0.265124
0 0.297900 0.762894 0.288051 0.474212
0 0.689184 0.577084 0.076752 0.206301
0 0.712693 0.738221 0.202936 0.366880
0 0.722821 0.331893 0.170414 0.538333
0 0.550641 0.362838 0.141609 0.495958
