2 0.526171 0.453847 0.132164 0.123888
2 0.231091 0.311028 0.133996 0.123364
2 0.748364 0.281539 0.121696 0.096842
0 0.825046 0.613418 0.317456 0.773163
0 0.171683 0.617868 0.295211 0.710173
0 0.513478 0.694207 0.626014 0.611586
4 0.242345 0.521200 0.072756 0.043273
4 0.257786 0.617955 0.106255 0.077997
4 0.171421 0.471384 0.042397 0.024254
4 0.779246 0.535247 0.094478 0.102774
4 0.823083 0.435962 0.099450 0.049381
1 0.904475 0.939103 0.160691 0.118304
1 0.827009 0.886843 0.115153 0.102425
1 0.181890 0.935962 0.114106 0.075031
1 0.068830 0.884052 0.071709 0.103123
