2 0.144694 0.489115 0.056139 0.041122
2 0.411083 0.558539 0.038392 0.038220
2 0.530062 0.493832 0.038754 0.036526
2 0.545455 0.570513 0.047809 0.035559
2 0.785947 0.548621 0.054328 0.054669
4 0.568091 0.645743 0.020645 0.023948
4 0.373597 0.638486 0.012677 0.009918
4 0.178558 0.656265 0.026078 0.021287
0 0.528975 0.518021 0.093807 0.088292
0 0.404201 0.628568 0.099239 0.176826
0 0.548171 0.638849 0.093082 0.177552
0 0.826874 0.659047 0.200652 0.274069
4 0.741579 0.590590 0.029337 0.020561
1 0.513401 0.710087 0.023542 0.034591
1 0.551974 0.709603 0.047809 0.035559
1 0.391887 0.711538 0.030424 0.013304
1 0.369612 0.710571 0.023542 0.014272
1 0.883738 0.778423 0.057950 0.034833
1 0.851503 0.772254 0.044911 0.028786
1 0.078595 0.776609 0.058674 0.019110
0 0.126947 0.627358 0.156827 0.319545
