2 0.135491 0.417039 0.086607 0.074851
2 0.308817 0.436533 0.168973 0.140030
2 0.694085 0.396652 0.064062 0.062649
2 0.854241 0.407887 0.088393 0.079762
4 0.666964 0.581250 0.078571 0.039583
4 0.747545 0.499182 0.069196 0.041815
4 0.641518 0.448735 0.040179 0.026042
4 0.406808 0.492039 0.030580 0.049256
4 0.200781 0.462723 0.047545 0.037946
1 0.700112 0.885342 0.191295 0.087946
0 0.830469 0.517708 0.237277 0.297024
0 0.131585 0.498810 0.181473 0.266369
0 0.675893 0.469643 0.218304 0.206250
0 0.512835 0.649107 0.572991 0.575000
