2 0.898750 0.179250 0.147167 0.291000
2 0.550333 0.181500 0.118667 0.257000
2 0.306167 0.151000 0.113000 0.235000
2 0.066583 0.719500 0.132833 0.392500
4 0.149583 0.400125 0.081167 0.077750
4 0.240500 0.501500 0.069000 0.098000
4 0.411083 0.512375 0.087833 0.102750
4 0.377083 0.538375 0.058500 0.106250
4 0.585000 0.683750 0.082333 0.110500
4 0.748500 0.794375 0.139667 0.146250
0 0.772167 0.450750 0.455667 0.833000
0 0.519083 0.305500 0.346167 0.610500
0 0.269583 0.285250 0.336500 0.529500
0 0.170750 0.762000 0.341167 0.476000
