2 0.140375 0.050167 0.027750 0.038333
2 0.320875 0.136333 0.012750 0.020000
2 0.782000 0.290833 0.043500 0.057000
2 0.524375 0.141167 0.060750 0.091000
2 0.616625 0.242667 0.068750 0.109333
2 0.445875 0.343167 0.055250 0.094333
4 0.692625 0.582833 0.025750 0.050333
4 0.481500 0.304000 0.021000 0.044000
4 0.496000 0.285167 0.029000 0.033000
4 0.430750 0.302000 0.025500 0.032000
4 0.566250 0.263833 0.015000 0.024333
1 0.398750 0.850000 0.048000 0.054000
1 0.475875 0.736000 0.032750 0.034667
1 0.568875 0.860500 0.043250 0.073000
1 0.618875 0.881500 0.067750 0.059667
1 0.649500 0.520000 0.026000 0.019333
0 0.432625 0.574000 0.172750 0.606667
0 0.591125 0.549167 0.228750 0.722333
0 0.154375 0.081167 0.055250 0.105000
0 0.326500 0.164667 0.039000 0.082667
0 0.598375 0.219833 0.233250 0.253000
0 0.785625 0.322500 0.084750 0.123000
