2 0.051083 0.449550 0.102167 0.252248
2 0.137500 0.343656 0.127000 0.196803
2 0.631500 0.359266 0.084667 0.177073
2 0.906833 0.432193 0.156667 0.223027
4 0.144500 0.818057 0.057333 0.087662
4 0.361417 0.767982 0.036500 0.083417
4 0.306167 0.683691 0.065333 0.079670
4 0.538167 0.371753 0.046000 0.129620
4 0.762583 0.787837 0.075500 0.111638
4 0.778083 0.769605 0.080167 0.085664
4 0.640917 0.646354 0.081833 0.066434
4 0.361000 0.645854 0.081333 0.058442
0 0.232500 0.528222 0.345000 0.591908
0 0.151917 0.625500 0.303833 0.619131
0 0.647500 0.473776 0.291333 0.409590
0 0.860500 0.645604 0.279000 0.708791
