2 0.351488 0.293638 0.103571 0.162723
2 0.530878 0.451897 0.083482 0.168527
2 0.782515 0.407701 0.174851 0.216295
2 0.829464 0.184598 0.118452 0.227232
4 0.399330 0.538839 0.039435 0.054018
4 0.393973 0.721429 0.057887 0.105804
4 0.422991 0.712946 0.037946 0.069643
4 0.623065 0.788616 0.066071 0.086607
4 0.463988 0.941183 0.211310 0.117634
4 0.246577 0.598103 0.042560 0.064063
4 0.112723 0.497656 0.078125 0.096652
0 0.334598 0.490848 0.176339 0.565179
0 0.794792 0.616629 0.410417 0.683259
0 0.556324 0.587612 0.304018 0.445759
0 0.884524 0.383259 0.230952 0.630357
