2 0.143408 0.305283 0.092586 0.143648
2 0.312395 0.346038 0.056860 0.107421
2 0.722744 0.338616 0.057363 0.096604
2 0.855502 0.280881 0.107514 0.150189
4 0.276501 0.512579 0.042435 0.066164
4 0.276920 0.508931 0.041932 0.059874
4 0.363049 0.489182 0.045119 0.050566
4 0.368249 0.487296 0.038745 0.047296
4 0.712429 0.529434 0.051493 0.047547
4 0.696411 0.510440 0.045287 0.042264
1 0.382925 0.946289 0.107682 0.107421
1 0.407497 0.890818 0.051828 0.054843
1 0.623281 0.773585 0.069104 0.064906
1 0.598876 0.692201 0.043777 0.060126
1 0.712093 0.877358 0.106508 0.108931
1 0.756961 0.932327 0.131499 0.135346
0 0.811557 0.602767 0.304428 0.794465
0 0.311305 0.402390 0.153975 0.240755
0 0.264592 0.611698 0.350721 0.756981
0 0.676451 0.547421 0.202281 0.519245
