2 0.552357 0.368087 0.051117 0.109865
2 0.501117 0.377803 0.032506 0.055306
2 0.665385 0.360239 0.053350 0.116592
2 0.186973 0.445441 0.052854 0.120329
2 0.951613 0.394245 0.031762 0.055306
4 0.545161 0.546712 0.027295 0.053064
4 0.649876 0.507100 0.031266 0.053064
4 0.697395 0.668722 0.030521 0.058670
3 0.227295 0.711697 0.044169 0.080344
4 0.084243 0.704223 0.023077 0.051943
3 0.953474 0.540546 0.016129 0.027280
1 0.132506 0.931241 0.037221 0.137519
1 0.179404 0.935164 0.061538 0.129671
1 0.677171 0.949552 0.063524 0.046338
1 0.720720 0.960389 0.041935 0.041854
1 0.568859 0.951046 0.057816 0.035127
1 0.524318 0.960389 0.041687 0.033632
0 0.540943 0.645927 0.131017 0.658072
0 0.683499 0.641629 0.123821 0.676383
0 0.950620 0.524103 0.058561 0.326233
0 0.160050 0.695628 0.179653 0.608744
