2 0.298363 0.191295 0.103571 0.194196
2 0.558408 0.275000 0.094196 0.236607
2 0.680655 0.329129 0.154762 0.231473
2 0.847321 0.426004 0.156548 0.273437
2 0.891443 0.659598 0.217113 0.368304
2 0.125000 0.500558 0.249702 0.489062
2 0.130655 0.259933 0.166964 0.163170
4 0.425223 0.726451 0.124256 0.102009
4 0.481176 0.875112 0.080506 0.076562
4 0.471205 0.817969 0.088542 0.066295
4 0.460119 0.793862 0.060417 0.082812
0 0.514881 0.577232 0.235119 0.845536
0 0.618006 0.580022 0.380952 0.733705
0 0.339435 0.435714 0.244048 0.681250
0 0.713542 0.568192 0.572917 0.552902
0 0.713542 0.740067 0.539583 0.514509
0 0.223586 0.626339 0.442411 0.742857
