2 0.595750 0.188750 0.040500 0.085500
2 0.650333 0.201250 0.039333 0.087000
2 0.716000 0.318000 0.047667 0.073000
4 0.638333 0.345375 0.030000 0.030250
4 0.609250 0.355125 0.018500 0.029250
3 0.500500 0.359375 0.022000 0.041250
3 0.662167 0.432000 0.025333 0.047500
3 0.659167 0.390250 0.025667 0.026500
0 0.552000 0.361000 0.127333 0.430500
0 0.694250 0.467750 0.107500 0.385000
0 0.634917 0.332000 0.126833 0.373500
1 0.518000 0.552500 0.022333 0.047000
1 0.548667 0.472750 0.024333 0.042000
1 0.590250 0.458625 0.030167 0.062750
1 0.649917 0.491125 0.020833 0.056750
1 0.656833 0.548625 0.027000 0.043250
1 0.657333 0.641375 0.029667 0.030750
