2 0.652250 0.332875 0.124167 0.207750
2 0.922333 0.208625 0.155333 0.284250
2 0.277500 0.265375 0.154667 0.219250
2 0.074667 0.290625 0.149333 0.291250
4 0.474917 0.420750 0.103500 0.087500
4 0.444750 0.450375 0.058167 0.060750
4 0.459333 0.563500 0.081667 0.073500
4 0.501333 0.558625 0.042667 0.045250
4 0.465083 0.510875 0.110500 0.043250
4 0.502917 0.491125 0.088833 0.060750
0 0.231417 0.421250 0.462833 0.576500
0 0.252000 0.404750 0.239000 0.527000
0 0.673833 0.457375 0.196333 0.496750
0 0.717750 0.480625 0.564500 0.864750
