2 0.276967 0.484281 0.065523 0.124932
2 0.394415 0.465965 0.060595 0.126572
2 0.524640 0.335429 0.086330 0.179880
2 0.794579 0.337479 0.103486 0.185621
4 0.322139 0.693138 0.053294 0.057682
4 0.431374 0.650629 0.034495 0.042100
4 0.599379 0.581739 0.062055 0.100055
4 0.632323 0.531165 0.053842 0.062876
4 0.822504 0.660334 0.051287 0.071897
1 0.463680 0.959131 0.034495 0.081739
1 0.448805 0.967879 0.024092 0.064243
1 0.327249 0.980727 0.067896 0.038546
0 0.763643 0.623701 0.314291 0.752597
0 0.487315 0.623838 0.384377 0.752324
0 0.251780 0.711181 0.203504 0.577638
0 0.405640 0.701886 0.152400 0.596227
