2 0.130043 0.328951 0.076596 0.140158
2 0.188170 0.320015 0.052936 0.132499
2 0.817106 0.346822 0.067574 0.129436
3 0.251915 0.538422 0.041872 0.052081
3 0.170809 0.532933 0.033191 0.063569
3 0.322553 0.500511 0.056511 0.070207
3 0.772681 0.576334 0.038979 0.045188
1 0.083064 0.931325 0.059915 0.137350
1 0.094383 0.924560 0.070298 0.150881
1 0.076340 0.898009 0.078468 0.050804
1 0.853362 0.915879 0.059404 0.022721
1 0.798723 0.917411 0.050213 0.022721
0 0.826213 0.503064 0.126979 0.487363
0 0.138213 0.630202 0.271660 0.739597
0 0.245362 0.483916 0.227574 0.474598
