2 0.321743 0.438365 0.056219 0.110473
2 0.348482 0.292505 0.068168 0.065814
2 0.500000 0.311570 0.047209 0.092975
2 0.661606 0.294202 0.057003 0.104205
2 0.829481 0.441630 0.105975 0.124837
4 0.505093 0.645730 0.044858 0.074954
4 0.550147 0.581745 0.027620 0.070253
4 0.786876 0.808827 0.080313 0.062680
4 0.743193 0.524811 0.042703 0.078088
4 0.619589 0.391355 0.032517 0.058240
4 0.687463 0.431575 0.036631 0.062941
4 0.523996 0.132149 0.044270 0.086184
4 0.404310 0.342126 0.087365 0.080439
4 0.378746 0.460042 0.035455 0.052494
0 0.509305 0.353225 0.123017 0.526769
0 0.675514 0.431705 0.147111 0.379734
0 0.380999 0.426090 0.137120 0.335074
0 0.822527 0.688953 0.296180 0.622095
0 0.361214 0.650300 0.435260 0.696788
1 0.821645 0.964090 0.058570 0.049360
