2 0.287255 0.614759 0.086804 0.070449
2 0.490718 0.441186 0.071249 0.068856
2 0.694681 0.416959 0.089814 0.073318
4 0.229553 0.611412 0.055695 0.062480
4 0.268189 0.766178 0.061716 0.076187
4 0.444305 0.600574 0.045660 0.041441
4 0.578776 0.617310 0.023583 0.033471
3 0.859759 0.573318 0.064727 0.074912
3 0.605118 0.541760 0.045158 0.033471
1 0.112644 0.879662 0.181134 0.058974
1 0.329654 0.888907 0.077270 0.066624
1 0.457100 0.789449 0.103362 0.044310
1 0.922479 0.858623 0.094832 0.118266
1 0.816859 0.883966 0.120421 0.063118
0 0.222027 0.753108 0.397893 0.349060
0 0.490467 0.608224 0.201204 0.405483
0 0.775464 0.647753 0.387858 0.540644
