2 0.116653 0.192214 0.053258 0.074615
2 0.163693 0.292511 0.041363 0.061098
4 0.395783 0.714112 0.085969 0.103001
4 0.118546 0.648148 0.064612 0.077589
4 0.182347 0.275074 0.027305 0.032712
4 0.445255 0.366991 0.062179 0.054880
4 0.092593 0.286564 0.027845 0.038929
3 0.748446 0.633009 0.035415 0.045147
3 0.547580 0.505407 0.082995 0.060827
3 0.625980 0.290754 0.052176 0.098135
3 0.319546 0.256421 0.034604 0.041363
0 0.652744 0.471884 0.280887 0.383077
0 0.270073 0.619627 0.347662 0.693160
0 0.407543 0.227629 0.146796 0.361179
0 0.511895 0.294945 0.081373 0.304947
0 0.603271 0.232090 0.138145 0.463639
0 0.779129 0.248446 0.075155 0.216815
0 0.258583 0.202487 0.178156 0.404434
0 0.050960 0.225196 0.101379 0.351446
0 0.114085 0.223304 0.069749 0.148689
0 0.135983 0.337929 0.113544 0.156258
1 0.184239 0.955393 0.079211 0.089213
