2 0.080929 0.523381 0.024008 0.049956
2 0.111326 0.505518 0.035624 0.063607
2 0.187415 0.513215 0.027880 0.056346
2 0.251404 0.564188 0.032720 0.058379
2 0.408616 0.506099 0.032333 0.064188
2 0.602711 0.514667 0.031752 0.058089
2 0.693611 0.517717 0.031171 0.060703
2 0.865247 0.461661 0.037561 0.065350
0 0.185866 0.556346 0.085189 0.141446
0 0.273959 0.580017 0.077444 0.090619
0 0.404937 0.547342 0.091965 0.154807
0 0.605615 0.554749 0.083640 0.137671
0 0.708809 0.556056 0.074347 0.137961
0 0.849468 0.525850 0.125266 0.193726
0 0.072701 0.563026 0.041626 0.130410
0 0.096709 0.549811 0.065247 0.152774
