2 0.469938 0.312226 0.152961 0.272478
2 0.659905 0.437089 0.058845 0.125274
2 0.098227 0.399671 0.074013 0.078947
2 0.141173 0.384046 0.060855 0.115132
2 0.024671 0.274260 0.048977 0.101151
2 0.804094 0.498218 0.057749 0.097314
2 0.907712 0.508498 0.057018 0.086075
4 0.571729 0.795504 0.087171 0.106908
4 0.855446 0.827166 0.024123 0.046327
0 0.514163 0.573191 0.385051 0.796053
4 0.693896 0.795093 0.019371 0.074287
0 0.784174 0.708607 0.166667 0.522478
0 0.908443 0.730126 0.139620 0.539748
0 0.630117 0.683114 0.166667 0.633772
0 0.182749 0.664337 0.145468 0.671327
