2 0.302055 0.422235 0.091456 0.078684
2 0.439489 0.484881 0.086695 0.089041
2 0.597970 0.418894 0.087447 0.076011
2 0.725507 0.457234 0.094463 0.090210
2 0.167377 0.524140 0.105738 0.086368
4 0.366074 0.516956 0.031070 0.032242
4 0.221123 0.709572 0.080431 0.033912
4 0.827362 0.672569 0.075670 0.034414
4 0.690428 0.656866 0.038336 0.023722
4 0.596091 0.530237 0.057129 0.031407
4 0.568279 0.550702 0.052618 0.032576
4 0.490980 0.665636 0.026810 0.035249
1 0.123027 0.880972 0.111751 0.095055
0 0.132924 0.706148 0.265848 0.453725
0 0.789025 0.549198 0.252067 0.279151
0 0.439238 0.568243 0.240541 0.254761
0 0.302806 0.539008 0.191180 0.311894
