2 0.534500 0.467625 0.016667 0.028750
2 0.577833 0.533000 0.016000 0.025500
2 0.569167 0.559750 0.016000 0.030000
2 0.814250 0.500125 0.008500 0.019250
4 0.522250 0.483500 0.008833 0.010500
4 0.525917 0.511625 0.004500 0.009750
4 0.801000 0.536125 0.004667 0.009250
4 0.820250 0.537625 0.004167 0.008750
4 0.563417 0.612375 0.009167 0.012250
1 0.822250 0.574750 0.005500 0.005000
1 0.587667 0.634125 0.012333 0.018750
1 0.538500 0.593750 0.009333 0.009000
1 0.534250 0.587750 0.007167 0.005500
3 0.601083 0.582875 0.009167 0.014750
0 0.535000 0.526250 0.031000 0.143000
0 0.566583 0.563750 0.039167 0.083500
0 0.577250 0.596000 0.045833 0.104500
0 0.812833 0.533250 0.033667 0.097000
