2 0.197437 0.429994 0.095249 0.082628
2 0.396519 0.397382 0.088429 0.092976
2 0.492592 0.380448 0.070320 0.066949
2 0.724835 0.398322 0.079022 0.064127
4 0.290569 0.475227 0.042098 0.056130
4 0.303034 0.469975 0.045390 0.040922
4 0.331373 0.513876 0.043744 0.025243
4 0.506820 0.498511 0.077140 0.035278
4 0.573612 0.486830 0.035278 0.013797
4 0.739417 0.489574 0.041863 0.025243
1 0.289393 0.775949 0.074553 0.048918
1 0.360536 0.742474 0.093603 0.040922
0 0.758702 0.439793 0.210254 0.148322
0 0.522107 0.424036 0.156632 0.166980
0 0.415452 0.439244 0.261759 0.177955
0 0.245767 0.590232 0.325494 0.418156
