2 0.593875 0.319250 0.236750 0.237167
2 0.930125 0.301083 0.139750 0.239500
2 0.446750 0.211000 0.185500 0.153667
2 0.238125 0.201167 0.143750 0.124333
4 0.392250 0.626417 0.195500 0.058167
4 0.480500 0.691083 0.208000 0.069167
4 0.221250 0.490333 0.106000 0.064333
4 0.048125 0.395417 0.077750 0.043833
4 0.722500 0.796833 0.185000 0.068000
4 0.768500 0.885083 0.228000 0.104167
0 0.811000 0.570083 0.378000 0.736500
0 0.232500 0.279333 0.449000 0.295333
0 0.629750 0.474000 0.673000 0.549000
0 0.372250 0.325583 0.422000 0.393833
