2 0.370205 0.643353 0.011574 0.009425
2 0.468585 0.637773 0.013228 0.013641
2 0.611276 0.640253 0.012235 0.014633
2 0.930060 0.661086 0.014220 0.014633
2 0.821263 0.633185 0.014220 0.013393
2 0.792493 0.648438 0.011574 0.015625
2 0.757440 0.641369 0.020833 0.017857
2 0.736607 0.621404 0.006944 0.009177
2 0.796131 0.624256 0.007606 0.008929
2 0.695933 0.638269 0.012897 0.014633
2 0.669808 0.626736 0.009590 0.010417
2 0.647321 0.624380 0.006944 0.007688
1 0.461475 0.713294 0.016865 0.007440
1 0.477844 0.712550 0.013228 0.008433
1 0.377315 0.708705 0.010582 0.007192
1 0.352348 0.710938 0.010251 0.005704
1 0.610119 0.712302 0.011243 0.009425
0 0.368882 0.677207 0.045304 0.075645
0 0.466931 0.672619 0.049603 0.085813
0 0.607970 0.674603 0.036706 0.086806
0 0.698247 0.670015 0.028108 0.080605
0 0.672123 0.628968 0.013558 0.016865
0 0.647321 0.624256 0.007606 0.013889
0 0.790840 0.648810 0.032077 0.019345
0 0.760582 0.657366 0.043651 0.054315
0 0.824405 0.643229 0.026455 0.033978
0 0.795139 0.631076 0.021495 0.026042
0 0.949570 0.674975 0.057209 0.043899
