2 0.327344 0.539732 0.085938 0.079464
2 0.176339 0.447545 0.079911 0.071875
2 0.579576 0.434524 0.069420 0.070536
2 0.626562 0.568378 0.096429 0.108482
2 0.814955 0.453720 0.143750 0.122917
2 0.127902 0.614583 0.255357 0.225000
2 0.024888 0.427307 0.049330 0.149256
0 0.598772 0.642336 0.273884 0.257292
0 0.599777 0.526339 0.188393 0.247024
0 0.215848 0.510342 0.182589 0.199554
0 0.356808 0.607440 0.289509 0.215179
0 0.863616 0.696949 0.272768 0.606101
4 0.534710 0.732961 0.056027 0.042113
4 0.774777 0.764955 0.098661 0.063244
4 0.820424 0.696801 0.013616 0.025446
4 0.396652 0.833036 0.129911 0.063690
4 0.418750 0.830357 0.078125 0.084226
4 0.556808 0.535789 0.044420 0.026637
4 0.045647 0.502976 0.070759 0.036310
4 0.079241 0.489732 0.032143 0.027083
1 0.934933 0.919196 0.130134 0.046131
1 0.915402 0.976488 0.090179 0.047024
0 0.232143 0.734598 0.463839 0.513542
