2 0.355573 0.291265 0.070918 0.133976
2 0.452126 0.400589 0.081100 0.187031
2 0.635138 0.250670 0.084494 0.171758
2 0.711325 0.295016 0.115756 0.222937
2 0.221508 0.474009 0.086102 0.172026
4 0.607717 0.670150 0.078957 0.104502
4 0.809843 0.851018 0.086995 0.075027
4 0.628528 0.534566 0.066988 0.073419
4 0.589318 0.506833 0.037156 0.054394
4 0.174973 0.815648 0.079135 0.065916
0 0.172651 0.638264 0.241336 0.505359
0 0.636745 0.480573 0.194176 0.633708
0 0.780457 0.559486 0.420507 0.753483
0 0.464898 0.568462 0.262415 0.524920
0 0.355663 0.518489 0.150411 0.580386
