2 0.886750 0.222125 0.226500 0.443750
4 0.139833 0.434750 0.006333 0.014000
4 0.129250 0.437000 0.005167 0.011000
4 0.108417 0.627500 0.005167 0.009000
4 0.745083 0.522500 0.007500 0.017000
4 0.729000 0.517375 0.006000 0.015750
4 0.711250 0.529875 0.004167 0.009250
4 0.691250 0.525250 0.004833 0.009500
2 0.733333 0.448625 0.010333 0.025250
2 0.695750 0.462375 0.011833 0.018250
2 0.655250 0.457625 0.012833 0.024750
1 0.743667 0.578500 0.006000 0.007500
1 0.750917 0.578375 0.007833 0.009750
1 0.697333 0.572375 0.004667 0.016250
1 0.657750 0.578500 0.008167 0.010500
1 0.114917 0.648125 0.009167 0.012250
1 0.126583 0.638375 0.010167 0.011750
1 0.134333 0.624125 0.005333 0.012750
1 0.148833 0.615000 0.007000 0.011000
1 0.157833 0.610000 0.005667 0.008000
1 0.167000 0.608750 0.005000 0.008000
1 0.217750 0.584125 0.015167 0.019750
2 0.073917 0.418125 0.010167 0.018250
2 0.101083 0.408250 0.008833 0.012000
2 0.122833 0.388000 0.007667 0.019500
2 0.194000 0.381375 0.012667 0.028750
2 0.104167 0.587750 0.008667 0.017500
2 0.130750 0.569875 0.006500 0.017750
2 0.154833 0.558875 0.008333 0.015750
2 0.224083 0.510875 0.009167 0.019250
2 0.245667 0.495500 0.010667 0.024500
2 0.223917 0.355125 0.013500 0.028250
2 0.840167 0.489875 0.020667 0.046250
2 0.894250 0.475750 0.020500 0.039000
0 0.655250 0.513625 0.040167 0.139750
0 0.698500 0.517625 0.029000 0.131250
0 0.738417 0.509250 0.034500 0.149500
0 0.891083 0.495500 0.037833 0.094000
0 0.843500 0.524000 0.052667 0.115000
4 0.865750 0.545250 0.008500 0.015000
0 0.114417 0.615875 0.034167 0.077750
0 0.136167 0.595750 0.032000 0.069500
0 0.158417 0.582125 0.025500 0.063250
0 0.227750 0.522125 0.023833 0.043750
0 0.251750 0.531500 0.034500 0.095000
0 0.081750 0.459375 0.033167 0.103750
0 0.109000 0.448250 0.026000 0.094500
0 0.134500 0.427500 0.031000 0.099000
0 0.201583 0.411125 0.035500 0.089250
0 0.234250 0.385375 0.034833 0.089250
0 0.698500 0.500125 0.603000 0.999750
