2 0.252882 0.471495 0.059657 0.109813
2 0.364330 0.456542 0.041121 0.074299
2 0.572196 0.498481 0.056542 0.094626
2 0.673520 0.516706 0.065109 0.104439
2 0.818769 0.543458 0.099844 0.145794
2 0.948442 0.298715 0.103115 0.379206
2 0.085981 0.496963 0.171651 0.307477
4 0.393769 0.678972 0.030530 0.054206
4 0.432243 0.647547 0.028972 0.041822
4 0.536215 0.704206 0.029128 0.032243
4 0.577492 0.704790 0.028816 0.020327
4 0.629907 0.746729 0.036137 0.049533
4 0.630062 0.743692 0.031776 0.055140
4 0.750467 0.808178 0.048598 0.062617
4 0.749611 0.801402 0.040654 0.064486
4 0.267913 0.671729 0.045483 0.061682
4 0.271262 0.676986 0.037227 0.053972
4 0.730140 0.956192 0.066199 0.087617
4 0.202103 0.775467 0.044081 0.065421
4 0.207165 0.927921 0.038629 0.049299
0 0.679907 0.682009 0.173209 0.440654
0 0.575389 0.629673 0.130841 0.358879
0 0.384268 0.589720 0.137383 0.339252
0 0.257009 0.597079 0.162928 0.364252
0 0.831542 0.686449 0.190498 0.432710
0 0.847897 0.564720 0.303894 0.870561
0 0.151402 0.672196 0.302492 0.652336
