2 0.340980 0.255657 0.067341 0.137159
2 0.470918 0.266970 0.055054 0.111267
2 0.550389 0.286564 0.061275 0.110800
2 0.688958 0.206671 0.072473 0.124563
4 0.335770 0.436436 0.043546 0.036856
4 0.360809 0.479589 0.054121 0.036856
4 0.457698 0.442034 0.037014 0.033590
4 0.483281 0.441101 0.031571 0.033590
4 0.524184 0.474924 0.028460 0.044320
4 0.543624 0.475041 0.029705 0.045953
4 0.650389 0.553767 0.018351 0.051318
1 0.286625 0.912526 0.032348 0.091439
1 0.385692 0.876837 0.051011 0.071379
1 0.456765 0.848029 0.025816 0.104735
1 0.491058 0.838465 0.027216 0.096804
1 0.561353 0.863308 0.028149 0.081176
1 0.609487 0.886867 0.041058 0.081642
1 0.686392 0.856310 0.070451 0.078376
1 0.738103 0.891766 0.044790 0.095638
0 0.712364 0.539305 0.153499 0.801026
0 0.331882 0.568463 0.166719 0.772102
0 0.573328 0.573128 0.120529 0.710054
0 0.468818 0.552718 0.118351 0.687894
