2 0.201929 0.333619 0.119857 0.184701
2 0.425500 0.304693 0.105857 0.196272
2 0.608000 0.233340 0.097429 0.198843
2 0.791000 0.283158 0.102000 0.211485
4 0.341714 0.853975 0.045429 0.108635
4 0.450571 0.636169 0.054571 0.073709
4 0.636143 0.832869 0.052857 0.108849
4 0.731071 0.655132 0.043571 0.064924
4 0.727786 0.709664 0.067286 0.047997
4 0.256571 0.679130 0.058857 0.085494
0 0.584929 0.566960 0.222714 0.866081
0 0.409214 0.604778 0.193286 0.790444
0 0.180071 0.622991 0.220714 0.754018
0 0.810000 0.571888 0.225714 0.856225
