2 0.725139 0.456783 0.117164 0.101313
2 0.628815 0.428556 0.095832 0.082057
2 0.430423 0.294420 0.146702 0.112691
2 0.071710 0.264551 0.143420 0.176368
4 0.332950 0.548578 0.064654 0.070897
4 0.352478 0.562035 0.057762 0.084245
4 0.348211 0.745295 0.092550 0.107221
4 0.623072 0.550109 0.051526 0.036324
4 0.677716 0.572538 0.052511 0.029103
4 0.577946 0.585777 0.049885 0.040263
1 0.788480 0.902626 0.205776 0.086214
0 0.755825 0.620350 0.422054 0.421007
0 0.629143 0.475274 0.117493 0.205689
0 0.548244 0.594311 0.702658 0.811379
0 0.290450 0.579650 0.580899 0.813567
