2 0.309125 0.869833 0.082250 0.084333
2 0.346875 0.839500 0.045250 0.051667
2 0.495000 0.844250 0.191000 0.159500
2 0.629250 0.884417 0.131000 0.106833
2 0.616500 0.812083 0.022500 0.018500
2 0.661250 0.827167 0.023500 0.020333
2 0.721125 0.852417 0.056250 0.049167
2 0.800875 0.837167 0.102750 0.084667
2 0.873375 0.863833 0.062250 0.055667
0 0.439375 0.073833 0.142750 0.058000
0 0.489875 0.881750 0.293250 0.236500
0 0.676500 0.914917 0.226500 0.170167
0 0.815375 0.897583 0.256750 0.204833
0 0.875000 0.869750 0.069000 0.068833
0 0.733625 0.879667 0.089750 0.106333
0 0.326125 0.870750 0.118750 0.092500
0 0.356625 0.857000 0.063750 0.085667
