2 0.523833 0.429762 0.230411 0.388290
2 0.064080 0.257878 0.127908 0.235617
2 0.118476 0.151555 0.115709 0.199431
2 0.187586 0.119435 0.063766 0.144948
2 0.797258 0.156536 0.102880 0.180524
2 0.961451 0.243952 0.077097 0.223216
4 0.246258 0.612828 0.068419 0.113234
4 0.241102 0.615776 0.087536 0.113438
4 0.208905 0.450701 0.043013 0.098801
4 0.713810 0.313275 0.046158 0.078878
4 0.704628 0.440130 0.057729 0.099207
4 0.795372 0.553771 0.046535 0.058142
0 0.481260 0.614353 0.564583 0.766823
0 0.746510 0.261130 0.252924 0.418581
0 0.836624 0.454666 0.326751 0.658061
0 0.142624 0.473877 0.284996 0.672088
0 0.147214 0.245782 0.192051 0.395202
0 0.214816 0.186928 0.136838 0.300264
