2 0.448618 0.619540 0.032288 0.038501
2 0.296957 0.575036 0.035082 0.027738
2 0.372710 0.579073 0.033840 0.032498
4 0.307513 0.629373 0.018938 0.008901
4 0.341354 0.628855 0.016455 0.009936
4 0.377523 0.625026 0.014281 0.012213
4 0.390872 0.622024 0.018628 0.013662
4 0.389631 0.702236 0.020491 0.018009
4 0.482925 0.702443 0.013971 0.017595
1 0.427662 0.777168 0.026389 0.020493
1 0.388389 0.772097 0.034772 0.021114
4 0.500931 0.500621 0.007141 0.008901
0 0.376902 0.597702 0.072027 0.069344
0 0.308134 0.597392 0.097796 0.072863
0 0.430146 0.693231 0.119528 0.188367
