0 0.661253 0.652905 0.208448 0.394099
0 0.645624 0.513952 0.138762 0.439616
0 0.149055 0.555924 0.298109 0.725755
0 0.262123 0.667658 0.524245 0.664684
2 0.214700 0.297919 0.141507 0.209286
2 0.302455 0.503431 0.177036 0.322964
2 0.459058 0.510750 0.061757 0.123513
2 0.632815 0.346180 0.059774 0.104529
2 0.680162 0.540371 0.073955 0.169030
2 0.865050 0.317017 0.122598 0.203111
2 0.374886 0.372027 0.050778 0.071134
0 0.482235 0.622827 0.213022 0.346752
0 0.897377 0.606473 0.186947 0.781107
4 0.599802 0.792887 0.037664 0.063358
4 0.494282 0.896729 0.061757 0.110018
4 0.456999 0.877402 0.073193 0.098353
4 0.830512 0.792772 0.028515 0.074108
4 0.953187 0.923033 0.060079 0.079369
4 0.361696 0.732502 0.013114 0.040942
