2 0.740350 0.428055 0.026538 0.049035
2 0.656966 0.417203 0.016586 0.027331
2 0.231454 0.479502 0.035283 0.061897
4 0.759952 0.571744 0.015078 0.028537
4 0.728890 0.578175 0.012666 0.022910
4 0.662998 0.463023 0.011761 0.012058
4 0.676568 0.473272 0.005127 0.011656
4 0.238390 0.613143 0.014777 0.023714
1 0.758444 0.703778 0.034379 0.024920
1 0.738390 0.695740 0.029252 0.016077
1 0.208685 0.763666 0.043426 0.028135
1 0.158022 0.752211 0.031966 0.026929
0 0.197075 0.614550 0.107660 0.319132
0 0.751960 0.559486 0.050965 0.311093
0 0.665561 0.461817 0.028347 0.114148
