2 0.448246 0.310553 0.083435 0.159728
2 0.724559 0.275203 0.097050 0.199005
2 0.157881 0.250982 0.101763 0.188269
2 0.950079 0.288557 0.099843 0.289605
4 0.228138 0.627258 0.060744 0.066248
4 0.340461 0.634328 0.042765 0.090861
4 0.350148 0.652396 0.040496 0.081435
4 0.599756 0.611678 0.056554 0.059701
4 0.611189 0.597931 0.051143 0.085625
4 0.803369 0.668892 0.071391 0.095575
4 0.825711 0.760147 0.081515 0.123593
4 0.840548 0.738937 0.063711 0.077507
1 0.444929 0.936633 0.135102 0.126735
0 0.275790 0.576591 0.471636 0.846819
0 0.480276 0.615606 0.294816 0.768788
0 0.726305 0.587850 0.276139 0.824300
0 0.813493 0.572925 0.373014 0.854150
0 0.817071 0.572925 0.365858 0.854150
