2 0.329039 0.644796 0.081948 0.106325
2 0.404172 0.624253 0.037733 0.078187
2 0.497839 0.608068 0.034907 0.068725
2 0.568068 0.581922 0.042719 0.068227
2 0.724651 0.581673 0.039395 0.065239
2 0.797291 0.635085 0.106217 0.134711
2 0.842503 0.585159 0.081283 0.106076
2 0.875332 0.569099 0.058511 0.087898
4 0.401679 0.816733 0.053358 0.038347
4 0.425283 0.758342 0.035406 0.056026
4 0.566905 0.716135 0.031084 0.033865
4 0.565243 0.715886 0.026097 0.034363
4 0.574468 0.691858 0.023271 0.021165
4 0.583943 0.683640 0.015293 0.029133
4 0.686918 0.793700 0.039062 0.069970
4 0.677443 0.828312 0.035073 0.069970
4 0.720246 0.678411 0.022606 0.030627
0 0.361120 0.737425 0.164395 0.287600
0 0.410655 0.689492 0.097573 0.215637
0 0.518368 0.666210 0.126828 0.179532
0 0.563248 0.634960 0.085605 0.163845
0 0.726479 0.621514 0.090592 0.143426
0 0.772357 0.783118 0.229887 0.433765
