2 0.220433 0.361017 0.044256 0.083616
2 0.418644 0.361582 0.047834 0.093785
2 0.572881 0.321751 0.048964 0.101695
2 0.620716 0.320763 0.051224 0.090678
4 0.236158 0.526554 0.016573 0.022599
4 0.380320 0.479944 0.025424 0.036158
4 0.553484 0.434322 0.028249 0.029096
1 0.609793 0.867090 0.061394 0.047740
1 0.675706 0.861723 0.045198 0.047175
1 0.255932 0.801271 0.046328 0.031921
1 0.413936 0.794915 0.044444 0.031638
1 0.386629 0.796186 0.024859 0.021186
1 0.519962 0.839831 0.026742 0.028814
1 0.575047 0.839972 0.015254 0.021186
0 0.218079 0.560169 0.116761 0.487006
0 0.426177 0.553531 0.114878 0.480508
0 0.632203 0.580085 0.141243 0.620056
0 0.552731 0.561864 0.102825 0.594915
