2 0.494625 0.523583 0.062750 0.053167
2 0.865625 0.543083 0.062250 0.049833
2 0.152000 0.597917 0.046500 0.046500
4 0.477875 0.629500 0.044750 0.024333
3 0.831250 0.653750 0.042000 0.028833
3 0.857250 0.647583 0.049500 0.028500
3 0.195375 0.671833 0.044750 0.024000
0 0.193875 0.714333 0.142750 0.283667
0 0.863625 0.704833 0.209250 0.374667
0 0.500500 0.697000 0.201500 0.415667
1 0.457625 0.885250 0.048250 0.031500
1 0.572750 0.879250 0.051000 0.049167
1 0.218875 0.845083 0.070250 0.020833
1 0.257625 0.845333 0.013250 0.013667
1 0.786875 0.853333 0.054250 0.063000
1 0.835625 0.877083 0.050750 0.021833
