2 0.775565 0.267390 0.100079 0.173306
2 0.310444 0.287158 0.083432 0.152794
2 0.319065 0.132580 0.040032 0.073722
2 0.164586 0.045482 0.048553 0.069560
4 0.373464 0.584423 0.040230 0.067182
4 0.659830 0.650268 0.039834 0.050832
4 0.766944 0.541023 0.072533 0.065398
1 0.696096 0.663793 0.195997 0.212247
1 0.633472 0.581599 0.131788 0.160820
0 0.750099 0.478151 0.360682 0.591855
0 0.285176 0.195452 0.108997 0.200654
0 0.277447 0.483948 0.241776 0.547562
0 0.417757 0.444263 0.150218 0.259512
0 0.186484 0.224435 0.151011 0.425684
