2 0.255250 0.336250 0.143833 0.228500
2 0.347917 0.266375 0.075167 0.146750
2 0.410417 0.241000 0.044833 0.095500
2 0.539250 0.250125 0.043500 0.085750
2 0.686500 0.277875 0.119000 0.228750
2 0.084750 0.175875 0.072167 0.154250
2 0.906833 0.190375 0.178333 0.350250
4 0.053750 0.425625 0.053500 0.080750
4 0.514417 0.300625 0.015500 0.063250
4 0.535667 0.316250 0.035667 0.061000
4 0.550417 0.688375 0.103833 0.116750
4 0.641333 0.567000 0.095000 0.153500
4 0.706167 0.686125 0.054667 0.091250
1 0.485000 0.803500 0.052667 0.069000
1 0.531333 0.800875 0.045333 0.072750
0 0.090083 0.550000 0.179833 0.900000
0 0.412833 0.312875 0.050000 0.239250
0 0.524417 0.522250 0.131500 0.635500
0 0.798333 0.506000 0.403333 0.988000
0 0.364500 0.608875 0.471333 0.782250
0 0.681250 0.579625 0.293500 0.840750
0 0.343417 0.482625 0.158833 0.581250
