2 0.140693 0.400795 0.175325 0.153957
2 0.170455 0.311348 0.064935 0.040838
2 0.497294 0.413625 0.110390 0.093603
2 0.543831 0.320925 0.059524 0.036140
2 0.944535 0.337369 0.110931 0.106614
4 0.546266 0.591977 0.055736 0.037586
4 0.564123 0.617998 0.066558 0.045537
4 0.887175 0.730936 0.064394 0.053849
1 0.681818 0.822009 0.173160 0.111673
1 0.665043 0.766534 0.062771 0.061438
1 0.859037 0.984098 0.109848 0.031803
0 0.656385 0.620528 0.429654 0.513191
0 0.148810 0.660463 0.296537 0.679075
0 0.902597 0.641670 0.194805 0.716661
0 0.614719 0.356343 0.202381 0.108421
