4 0.412298 0.758900 0.066882 0.090615
4 0.441640 0.518123 0.039266 0.076375
4 0.672492 0.718932 0.066882 0.077994
4 0.695577 0.500809 0.041855 0.074110
4 0.871845 0.578479 0.062999 0.103883
4 0.915534 0.412136 0.065804 0.056634
1 0.485868 0.957282 0.122114 0.085437
1 0.590831 0.871845 0.126214 0.126214
1 0.572276 0.764078 0.058468 0.089968
2 0.208414 0.541748 0.113916 0.143689
2 0.421467 0.352104 0.068393 0.133981
2 0.715858 0.401618 0.073355 0.117799
2 0.776375 0.442233 0.108954 0.159547
2 0.849515 0.346440 0.061489 0.118770
0 0.467853 0.489159 0.218554 0.406149
0 0.909493 0.554531 0.181014 0.539482
1 0.774434 0.925890 0.063215 0.106796
0 0.357605 0.657282 0.595254 0.551456
0 0.646710 0.677184 0.441208 0.645631
0 0.684898 0.450000 0.136138 0.222977
