2 0.115875 0.546667 0.008250 0.007000
2 0.151625 0.549083 0.008750 0.006833
2 0.307750 0.554333 0.010500 0.009333
2 0.262750 0.551333 0.011000 0.008333
2 0.158875 0.554667 0.008750 0.008000
2 0.198250 0.552167 0.009500 0.007333
0 0.307750 0.565667 0.022000 0.026333
0 0.269750 0.563167 0.031500 0.034333
0 0.113250 0.559583 0.024500 0.032167
0 0.161500 0.565167 0.019500 0.029667
0 0.196375 0.564583 0.017250 0.027833
4 0.111375 0.561000 0.004250 0.004333
4 0.140000 0.550417 0.003500 0.005167
4 0.143375 0.551250 0.003750 0.004833
4 0.166375 0.560250 0.005750 0.005833
4 0.273375 0.558917 0.002750 0.005167
