2 0.795961 0.199079 0.138464 0.253237
2 0.641373 0.336404 0.110871 0.199203
2 0.432846 0.404507 0.112367 0.167082
2 0.273271 0.243401 0.115691 0.214890
2 0.150515 0.332669 0.161070 0.256972
4 0.718418 0.883342 0.074136 0.110309
4 0.511220 0.608690 0.119847 0.098357
4 0.530751 0.643924 0.064827 0.039343
4 0.540143 0.671813 0.125831 0.078187
4 0.548537 0.717629 0.088098 0.070717
4 0.554604 0.718376 0.089594 0.058765
4 0.275183 0.751245 0.037400 0.073705
4 0.507314 0.877366 0.028590 0.122261
0 0.718251 0.531997 0.530585 0.925548
0 0.636553 0.607445 0.293384 0.748257
0 0.447141 0.661977 0.183511 0.676046
0 0.395445 0.584661 0.399269 0.830677
0 0.290974 0.591384 0.515791 0.800797
