2 0.805783 0.565681 0.031088 0.056405
2 0.661457 0.554776 0.041618 0.068689
2 0.491559 0.609426 0.022063 0.039108
2 0.494234 0.584984 0.024737 0.038355
2 0.546632 0.603911 0.018887 0.028077
2 0.273609 0.587616 0.028748 0.046127
2 0.124185 0.651792 0.013371 0.024568
2 0.096691 0.643896 0.012201 0.015793
2 0.076634 0.645651 0.013204 0.026824
2 0.054488 0.654801 0.012703 0.023063
4 0.727812 0.633993 0.023232 0.025570
4 0.515795 0.689647 0.016045 0.019554
4 0.219957 0.727125 0.010363 0.023815
4 0.125606 0.665204 0.007521 0.011782
4 0.117583 0.666834 0.008524 0.008523
1 0.489387 0.879794 0.031422 0.020807
1 0.459636 0.850589 0.019723 0.028077
1 0.499081 0.847581 0.022063 0.022061
1 0.833194 0.950363 0.057162 0.048634
1 0.813555 0.917272 0.023901 0.028077
1 0.250627 0.866383 0.017215 0.042617
1 0.262661 0.879544 0.009861 0.020306
1 0.117667 0.752194 0.007688 0.014791
1 0.105215 0.742793 0.009193 0.018050
1 0.007354 0.846202 0.014708 0.023815
0 0.491476 0.738782 0.073375 0.302331
0 0.489972 0.712459 0.077052 0.289296
0 0.548471 0.625721 0.035935 0.068689
0 0.679425 0.756831 0.125021 0.471797
0 0.816814 0.627476 0.081230 0.172976
0 0.071285 0.657558 0.023901 0.045625
0 0.119840 0.664954 0.034097 0.054400
2 0.240013 0.574204 0.006017 0.011782
2 0.225974 0.573828 0.008357 0.013537
0 0.224302 0.572700 0.008691 0.017799
0 0.240849 0.574079 0.010697 0.020557
0 0.259652 0.725495 0.082734 0.338932
