2 0.063500 0.544500 0.126500 0.128667
2 0.254750 0.505500 0.085500 0.079667
2 0.672500 0.417667 0.133000 0.093333
2 0.864875 0.533083 0.072750 0.066500
4 0.192750 0.681167 0.054000 0.031000
4 0.265500 0.690667 0.066000 0.047000
4 0.660125 0.750167 0.060250 0.041000
4 0.717875 0.470333 0.057250 0.055000
0 0.748500 0.685000 0.342000 0.630000
0 0.220750 0.561250 0.179000 0.191500
0 0.854500 0.608000 0.158500 0.226000
0 0.174250 0.740167 0.348000 0.519667
1 0.750250 0.955333 0.108500 0.089333
1 0.885500 0.966833 0.066000 0.066333
1 0.203875 0.973417 0.108750 0.053167
