0 0.193514 0.443641 0.238686 0.562852
0 0.378696 0.459569 0.172194 0.557951
0 0.721532 0.584293 0.352720 0.617251
2 0.482111 0.449400 0.090508 0.177898
2 0.718183 0.402597 0.152916 0.252879
2 0.740974 0.215143 0.099167 0.183288
2 0.379840 0.251164 0.082666 0.137711
2 0.237216 0.254840 0.090508 0.178388
2 0.108724 0.191497 0.217448 0.382994
0 0.806813 0.453075 0.307956 0.665033
0 0.496324 0.569836 0.309753 0.432002
4 0.371263 0.707180 0.056363 0.065670
4 0.361215 0.476844 0.040843 0.062730
4 0.408430 0.494487 0.057834 0.058319
4 0.177994 0.637344 0.066166 0.084293
4 0.134373 0.658172 0.038719 0.061750
4 0.334913 0.852242 0.143441 0.170056
4 0.582503 0.813159 0.044601 0.083558
0 0.280836 0.496202 0.561673 0.992404
