2 0.207011 0.372689 0.072995 0.085901
2 0.336267 0.351984 0.076457 0.072997
2 0.713070 0.351021 0.084535 0.079545
2 0.818379 0.384341 0.112233 0.099191
4 0.257790 0.481125 0.027409 0.026194
4 0.606463 0.497689 0.039238 0.017720
4 0.680467 0.461287 0.048759 0.026579
4 0.706434 0.493548 0.047028 0.019453
4 0.629256 0.460227 0.040969 0.018683
4 0.421956 0.473902 0.059723 0.022920
4 0.433353 0.458879 0.032314 0.017912
4 0.200231 0.488155 0.046163 0.018683
1 0.223601 0.681337 0.094634 0.060285
1 0.253029 0.671995 0.052510 0.065485
1 0.407819 0.633763 0.079342 0.049499
1 0.594345 0.688752 0.104443 0.073960
1 0.725332 0.726791 0.066936 0.055277
0 0.349971 0.479488 0.206001 0.355354
0 0.167340 0.523594 0.236007 0.383860
0 0.698932 0.395031 0.181477 0.168336
