2 0.201307 0.398327 0.080754 0.149409
2 0.394828 0.427892 0.072486 0.165849
2 0.552874 0.260456 0.090944 0.193251
2 0.282734 0.171185 0.079792 0.186040
2 0.773794 0.357369 0.094020 0.201904
4 0.234763 0.452841 0.029225 0.062302
4 0.159296 0.435968 0.034801 0.079319
4 0.242934 0.682002 0.052874 0.057975
4 0.382426 0.652726 0.054605 0.069801
4 0.462892 0.679117 0.069025 0.052207
4 0.643434 0.702481 0.071332 0.091434
4 0.697558 0.706663 0.045376 0.080761
4 0.713517 0.649553 0.031148 0.063455
0 0.557393 0.458177 0.267641 0.587540
0 0.370217 0.514854 0.196693 0.344390
0 0.207556 0.514422 0.177850 0.383329
0 0.769083 0.503317 0.237262 0.494376
0 0.292540 0.325498 0.311671 0.492357
