2 0.554731 0.269185 0.069971 0.151093
2 0.496024 0.378131 0.080307 0.139165
2 0.677710 0.489264 0.100186 0.206362
3 0.523191 0.830815 0.041346 0.087873
4 0.689902 0.822664 0.040286 0.062028
3 0.503048 0.580517 0.044527 0.027833
3 0.502650 0.610934 0.036841 0.044930
4 0.553538 0.574354 0.030480 0.066402
5 0.625895 0.758648 0.142857 0.163022
1 0.396236 0.680517 0.057779 0.063221
1 0.537768 0.548509 0.046117 0.085487
0 0.657832 0.628827 0.310628 0.487873
0 0.578187 0.398211 0.153459 0.417893
0 0.423271 0.509344 0.241717 0.407157
