2 0.454537 0.585420 0.017126 0.028951
2 0.790872 0.588289 0.015007 0.026865
2 0.844809 0.552817 0.013065 0.026343
4 0.470957 0.668884 0.006886 0.011215
4 0.842691 0.577334 0.006709 0.009650
4 0.839071 0.579682 0.005473 0.008086
4 0.793609 0.635629 0.007415 0.007825
4 0.802878 0.624413 0.006886 0.013563
2 0.770304 0.455529 0.007415 0.015910
2 0.696593 0.480699 0.007592 0.013563
1 0.452507 0.731221 0.021186 0.022692
1 0.851695 0.667058 0.007415 0.008086
1 0.841720 0.664058 0.012535 0.009911
0 0.452684 0.658972 0.043432 0.177621
0 0.793785 0.646714 0.034958 0.142671
0 0.849047 0.606155 0.027189 0.134585
0 0.767479 0.505086 0.027542 0.117110
0 0.700830 0.502217 0.016066 0.060772
0 0.182203 0.514867 0.010593 0.055295
