2 0.526000 0.098083 0.075500 0.079833
2 0.238625 0.390333 0.091250 0.084667
2 0.810125 0.406500 0.092250 0.087667
5 0.238250 0.407250 0.082000 0.063500
5 0.810750 0.425583 0.090500 0.047833
3 0.443500 0.304917 0.055000 0.048500
3 0.634625 0.331083 0.040250 0.048167
4 0.165250 0.639583 0.058000 0.046167
4 0.265250 0.537500 0.052500 0.034333
4 0.744500 0.566750 0.015500 0.026500
1 0.741875 0.840417 0.079750 0.044167
1 0.870875 0.850417 0.048750 0.045167
1 0.266625 0.825917 0.103250 0.040167
1 0.153250 0.856167 0.081000 0.054333
1 0.413375 0.560250 0.068750 0.047833
1 0.586000 0.570167 0.055500 0.046333
0 0.515500 0.322167 0.277000 0.547667
0 0.809875 0.617333 0.219250 0.509333
0 0.221500 0.615333 0.220000 0.534667
