2 0.212552 0.479445 0.070007 0.130924
2 0.119763 0.547526 0.092179 0.157633
2 0.789106 0.488086 0.070880 0.120450
2 0.870897 0.550537 0.111906 0.185127
4 0.251833 0.765776 0.067214 0.048966
4 0.284043 0.668631 0.037709 0.046347
4 0.327950 0.593218 0.036138 0.035350
4 0.234026 0.796544 0.074546 0.061273
4 0.726170 0.841843 0.063373 0.060225
4 0.720670 0.797329 0.061802 0.046085
4 0.694221 0.680414 0.067912 0.028542
4 0.682786 0.654098 0.052374 0.032993
0 0.744937 0.575281 0.167249 0.295889
0 0.139228 0.701885 0.247381 0.458497
0 0.250960 0.564677 0.201641 0.300340
0 0.823848 0.702016 0.284916 0.494894
