2 0.233752 0.463181 0.057137 0.092194
2 0.415178 0.425037 0.049676 0.088365
2 0.574220 0.418409 0.050854 0.089838
2 0.811604 0.443152 0.045356 0.088660
4 0.233458 0.551694 0.020813 0.032990
4 0.255154 0.561119 0.026114 0.031222
4 0.393776 0.643888 0.026900 0.041826
4 0.396426 0.643594 0.031416 0.040059
4 0.565777 0.577909 0.033968 0.053608
4 0.578441 0.575405 0.043197 0.047423
4 0.830454 0.660825 0.025329 0.052135
0 0.244355 0.586451 0.137247 0.331664
0 0.403397 0.597349 0.114078 0.442415
0 0.577557 0.581296 0.115649 0.423859
0 0.821029 0.568336 0.141567 0.329013
4 0.830748 0.601473 0.018457 0.035346
