2 0.149755 0.318234 0.044451 0.086917
2 0.302115 0.286848 0.042305 0.088066
2 0.950720 0.177857 0.098559 0.174063
2 0.919605 0.305473 0.055334 0.093585
2 0.574571 0.292711 0.015481 0.035870
4 0.317290 0.517360 0.030349 0.035870
4 0.555717 0.350425 0.011803 0.017015
4 0.585684 0.341343 0.007971 0.015866
1 0.282649 0.789262 0.040773 0.059554
1 0.356606 0.785353 0.028970 0.063693
0 0.156346 0.523339 0.107603 0.498505
0 0.306560 0.530352 0.129675 0.577834
0 0.939684 0.373074 0.120632 0.571396
0 0.919988 0.323638 0.055487 0.132674
1 0.566677 0.422511 0.009503 0.031042
1 0.580549 0.409749 0.015175 0.028512
0 0.572195 0.357438 0.072655 0.163026
