2 0.429327 0.166830 0.067253 0.117733
2 0.668376 0.261969 0.048689 0.094040
2 0.798160 0.254763 0.038919 0.073766
2 0.929002 0.270396 0.048201 0.092330
2 0.222765 0.226063 0.040710 0.071568
2 0.096238 0.292990 0.045595 0.091597
4 0.044374 0.510870 0.028823 0.052027
4 0.161619 0.481436 0.019378 0.048852
4 0.244667 0.377748 0.032405 0.040303
4 0.248412 0.382389 0.028171 0.044700
4 0.519459 0.311187 0.026706 0.040059
4 0.436655 0.373596 0.055528 0.053981
4 0.609347 0.482535 0.020518 0.048608
4 0.712913 0.485589 0.016284 0.050806
4 0.768849 0.475330 0.018075 0.048363
4 0.826087 0.466292 0.021821 0.052760
4 0.923791 0.439546 0.036802 0.039326
4 0.940156 0.453224 0.024915 0.027601
1 0.595099 0.874573 0.086794 0.075965
1 0.435515 0.887152 0.039244 0.088911
1 0.309884 0.678920 0.032894 0.048119
1 0.258101 0.672081 0.027031 0.044700
1 0.130842 0.691255 0.038593 0.028823
1 0.060251 0.694797 0.032568 0.042257
1 0.685882 0.670249 0.024426 0.055691
1 0.635646 0.670005 0.031102 0.056180
1 0.843918 0.688324 0.028497 0.029800
1 0.793519 0.684660 0.028986 0.036150
1 0.889187 0.700049 0.033057 0.036150
1 0.958313 0.707010 0.023775 0.035906
0 0.512702 0.522106 0.254844 0.814118
0 0.660316 0.456644 0.127341 0.480948
0 0.934945 0.468368 0.127829 0.516610
0 0.092982 0.481681 0.155024 0.469468
0 0.260870 0.446141 0.132552 0.516121
0 0.809070 0.461407 0.115454 0.483635
