2 0.036569 0.237500 0.069481 0.116500
2 0.168301 0.239625 0.065658 0.125250
2 0.238697 0.229250 0.056848 0.100500
2 0.355386 0.277000 0.073138 0.118000
2 0.397108 0.336250 0.043883 0.076000
2 0.409824 0.204250 0.046376 0.094000
3 0.088348 0.575000 0.039062 0.061000
3 0.212434 0.566750 0.030918 0.067500
3 0.295213 0.503000 0.020279 0.051500
3 0.456699 0.559875 0.030751 0.055750
4 0.484874 0.539500 0.031915 0.047000
4 0.006815 0.503750 0.013298 0.049000
1 0.083610 0.796000 0.076463 0.059000
1 0.185755 0.811875 0.073969 0.052250
1 0.224983 0.790500 0.061004 0.050500
1 0.305768 0.750625 0.040725 0.065250
1 0.376662 0.840875 0.032580 0.046750
1 0.433012 0.846000 0.063165 0.050000
1 0.481300 0.786875 0.038730 0.061750
0 0.064744 0.495500 0.129156 0.646500
0 0.178939 0.492250 0.155419 0.642000
0 0.257231 0.459875 0.111536 0.558250
0 0.382064 0.548500 0.190991 0.654000
0 0.449634 0.428500 0.136636 0.277500
0 0.410572 0.226250 0.062168 0.141500
0 0.503324 0.491250 0.101729 0.654000
