2 0.585000 0.280083 0.118000 0.125500
2 0.788625 0.449583 0.157250 0.113167
2 0.306750 0.474667 0.138000 0.116333
4 0.672500 0.593000 0.068000 0.042667
4 0.672000 0.632167 0.118000 0.038333
4 0.561875 0.595500 0.073250 0.054667
4 0.311125 0.622417 0.044250 0.033500
4 0.276375 0.631167 0.072750 0.031667
0 0.519000 0.544000 0.300000 0.660667
0 0.803000 0.661500 0.328000 0.573333
0 0.239375 0.696500 0.331250 0.585333
1 0.591500 0.839000 0.115500 0.065000
1 0.430875 0.841417 0.039750 0.069833
1 0.332500 0.947417 0.101000 0.061833
1 0.350500 0.912750 0.055500 0.057833
1 0.689375 0.887500 0.094750 0.070333
1 0.730000 0.917167 0.155000 0.074000
