2 0.671059 0.331624 0.124437 0.240430
2 0.493578 0.344759 0.101084 0.241181
2 0.412260 0.545784 0.143286 0.218914
2 0.180817 0.191394 0.117098 0.193645
4 0.254212 0.475482 0.049041 0.071303
4 0.169224 0.547661 0.089241 0.086065
4 0.355546 0.934326 0.056881 0.084313
4 0.446372 0.674506 0.085071 0.072554
4 0.501668 0.624218 0.044871 0.094571
4 0.647206 0.844633 0.060050 0.095071
0 0.184570 0.532775 0.232694 0.910433
0 0.743786 0.553790 0.294579 0.682762
0 0.414262 0.701026 0.232027 0.550913
0 0.530192 0.476733 0.263720 0.563673
