2 0.353125 0.507417 0.083250 0.086500
2 0.096750 0.595250 0.120000 0.068500
2 0.614125 0.652750 0.104750 0.064833
3 0.217250 0.719750 0.078000 0.036833
3 0.278000 0.655250 0.042000 0.048833
3 0.477625 0.659333 0.046750 0.047000
3 0.509125 0.704083 0.065250 0.036167
3 0.503500 0.751250 0.067000 0.040500
0 0.146250 0.740917 0.243000 0.364167
0 0.586750 0.769500 0.221500 0.299000
0 0.378875 0.623500 0.244250 0.318333
1 0.331625 0.746833 0.062750 0.064667
1 0.465000 0.752083 0.047500 0.061833
1 0.139750 0.895917 0.099500 0.052833
1 0.232625 0.804917 0.068250 0.039500
1 0.590125 0.898833 0.071250 0.036667
