2 0.376813 0.346898 0.048550 0.083535
2 0.105359 0.394843 0.090653 0.128928
2 0.597804 0.317889 0.047744 0.083535
2 0.841459 0.432581 0.079774 0.105560
4 0.476430 0.477706 0.028606 0.036261
4 0.473207 0.475826 0.029412 0.038947
4 0.664988 0.579774 0.028606 0.044856
4 0.711624 0.600457 0.027599 0.038947
4 0.764807 0.625571 0.043312 0.042439
4 0.192687 0.645984 0.042909 0.042976
1 0.121777 0.933387 0.085214 0.105829
1 0.204774 0.981064 0.066277 0.037873
0 0.580077 0.441176 0.231467 0.334945
0 0.406829 0.450175 0.166600 0.291700
0 0.809226 0.513430 0.221998 0.266183
