2 0.680527 0.165089 0.102099 0.192426
2 0.512703 0.266154 0.104466 0.203314
2 0.434275 0.160828 0.073221 0.162130
2 0.290989 0.226746 0.095313 0.195030
2 0.151728 0.222485 0.100836 0.201183
4 0.768897 0.825680 0.066120 0.130414
4 0.433091 0.831953 0.030140 0.101775
4 0.081190 0.850414 0.058545 0.063905
3 0.400189 0.802840 0.039451 0.072899
3 0.187470 0.826509 0.050813 0.117396
0 0.409658 0.240000 0.134764 0.315740
0 0.115749 0.547101 0.186681 0.876923
0 0.715244 0.533846 0.255484 0.932308
0 0.294698 0.551361 0.260533 0.848994
0 0.531245 0.580355 0.261796 0.832189
