2 0.509835 0.285538 0.113740 0.111703
2 0.216078 0.378592 0.148803 0.136061
2 0.899943 0.403140 0.163056 0.124643
4 0.313854 0.537774 0.043900 0.030828
4 0.416762 0.516461 0.047320 0.063559
4 0.484607 0.526070 0.049031 0.049286
4 0.737885 0.555661 0.060718 0.056708
4 0.731899 0.517888 0.054447 0.044719
1 0.520525 0.938820 0.079247 0.052712
1 0.679590 0.914748 0.095211 0.057088
0 0.474487 0.486108 0.257982 0.147098
0 0.468643 0.387631 0.224629 0.315890
0 0.740450 0.652141 0.519099 0.624929
0 0.196693 0.591722 0.393387 0.565747
