4 0.347319 0.398791 0.030285 0.042438
4 0.373264 0.405864 0.022762 0.037037
4 0.422936 0.557485 0.023341 0.033179
4 0.500289 0.445859 0.040316 0.032665
4 0.568769 0.550026 0.019097 0.052212
4 0.692033 0.533436 0.021412 0.039095
2 0.363812 0.228652 0.058256 0.098765
2 0.497299 0.244470 0.055556 0.096965
2 0.641782 0.275077 0.067515 0.090792
1 0.361883 0.806713 0.029321 0.071245
1 0.339603 0.787680 0.022184 0.061986
1 0.470197 0.784851 0.014853 0.038837
1 0.488040 0.805298 0.035494 0.052469
1 0.660494 0.777649 0.036651 0.069187
1 0.613619 0.814686 0.033179 0.048611
0 0.346065 0.509774 0.145448 0.668210
0 0.484857 0.512860 0.152971 0.637346
0 0.637153 0.534851 0.156636 0.608796
0 0.880305 0.539352 0.142940 0.618313
2 0.889950 0.289738 0.083526 0.117027
4 0.880980 0.532150 0.038580 0.051440
1 0.914931 0.803112 0.066358 0.078961
1 0.824556 0.775592 0.048418 0.088735
