2 0.484750 0.622500 0.080000 0.064667
2 0.631125 0.440750 0.062250 0.062167
2 0.841375 0.500917 0.077250 0.063167
4 0.635250 0.579417 0.045500 0.032500
4 0.803750 0.625917 0.034500 0.027167
4 0.788875 0.603667 0.033250 0.019000
4 0.538625 0.779417 0.031750 0.027500
3 0.670375 0.577750 0.031750 0.045167
3 0.494750 0.577917 0.020000 0.021500
3 0.492625 0.589417 0.045750 0.028167
0 0.631125 0.577750 0.196750 0.335167
0 0.493000 0.734333 0.179000 0.334000
0 0.859625 0.645333 0.176750 0.354333
1 0.638000 0.709417 0.037000 0.069500
1 0.579500 0.672500 0.025000 0.044667
1 0.515000 0.882667 0.057000 0.040000
1 0.559500 0.834583 0.044000 0.032833
1 0.891250 0.797000 0.083000 0.051333
1 0.838875 0.726833 0.079250 0.038000
