2 0.195251 0.375787 0.072328 0.113265
2 0.395368 0.411276 0.056721 0.092625
2 0.528444 0.387491 0.046316 0.097911
2 0.709935 0.409640 0.053197 0.087340
2 0.926498 0.314875 0.085920 0.131890
4 0.247189 0.572363 0.045645 0.061918
4 0.298540 0.610622 0.010404 0.020639
4 0.371371 0.553234 0.024836 0.044299
4 0.417100 0.559275 0.029703 0.037251
4 0.586843 0.572363 0.022151 0.043292
4 0.669324 0.544928 0.020305 0.026680
4 0.695587 0.565693 0.033563 0.032469
4 0.808105 0.565190 0.035409 0.056129
4 0.797953 0.555751 0.022487 0.036245
1 0.253482 0.845709 0.080383 0.099673
1 0.373888 0.891518 0.086592 0.089101
1 0.401242 0.849106 0.037926 0.101938
1 0.351401 0.653159 0.059406 0.099673
1 0.521984 0.845709 0.045142 0.071483
1 0.605471 0.757866 0.054036 0.082054
1 0.604967 0.749308 0.059406 0.110244
1 0.665296 0.823307 0.046820 0.107727
1 0.805001 0.849736 0.078537 0.084067
1 0.803826 0.815505 0.091626 0.067455
0 0.407115 0.633023 0.149354 0.533602
0 0.256587 0.624969 0.324215 0.618676
0 0.860547 0.571105 0.278906 0.641832
0 0.558483 0.610873 0.153717 0.544677
0 0.686441 0.621067 0.224702 0.512711
