4 0.199263 0.306504 0.037728 0.048455
4 0.413920 0.264228 0.026886 0.042602
4 0.633348 0.529919 0.030789 0.062764
4 0.401453 0.518049 0.039679 0.040976
4 0.657632 0.389919 0.034258 0.040325
4 0.690265 0.401789 0.029271 0.041301
4 0.742736 0.470569 0.029705 0.035772
4 0.474848 0.380976 0.009974 0.028293
1 0.275585 0.710244 0.023851 0.046829
1 0.346379 0.620813 0.048786 0.035772
1 0.406657 0.644390 0.026670 0.058211
1 0.527212 0.902764 0.059627 0.069593
1 0.592801 0.878049 0.062012 0.121626
1 0.743820 0.646179 0.026670 0.091707
1 0.711080 0.626504 0.027103 0.036098
1 0.608738 0.679512 0.021466 0.043902
0 0.263985 0.496260 0.215308 0.476748
0 0.396466 0.444228 0.145056 0.457886
0 0.616435 0.466829 0.119688 0.468618
0 0.738075 0.474797 0.142238 0.433821
2 0.520815 0.331382 0.083695 0.135935
2 0.595729 0.284553 0.041847 0.089106
2 0.752927 0.298211 0.053990 0.080000
2 0.221596 0.296423 0.052905 0.078374
2 0.402754 0.278699 0.035343 0.074797
0 0.514961 0.601138 0.267997 0.672195
