2 0.808030 0.431236 0.083536 0.165293
2 0.708232 0.449241 0.078812 0.164859
2 0.652227 0.461497 0.054791 0.128200
2 0.559447 0.428091 0.058435 0.129501
2 0.495412 0.448265 0.071795 0.116920
4 0.729352 0.687093 0.070310 0.049241
4 0.750337 0.794143 0.058300 0.102386
4 0.656140 0.692299 0.042645 0.038829
4 0.412955 0.681128 0.034548 0.056399
0 0.807895 0.636443 0.250337 0.571800
0 0.454588 0.579284 0.328070 0.448807
0 0.682119 0.620174 0.219028 0.505857
0 0.392713 0.573102 0.313630 0.418655
0 0.574494 0.596746 0.280432 0.388286
1 0.812213 0.883948 0.072740 0.072885
1 0.719366 0.840347 0.045749 0.055965
1 0.650202 0.835033 0.111471 0.073970
1 0.582861 0.796855 0.034548 0.063124
1 0.481579 0.779393 0.078408 0.054664
1 0.362955 0.739371 0.053846 0.149024
1 0.334750 0.690998 0.023887 0.090889
1 0.275034 0.766703 0.050742 0.050976
